1, 5001, 1.0
1, 5014, 1.0
1, 5012, 1.0
1, 5022, 0.5
1, 5019, 0.43256014199731996
1, 5023, 0.27997548716556486
1, 5081, 0.25
1, 5031, 0.21459681090902225
1, 5043, 0.1823628869299314
1, 5074, 0.17638206181283575
1, 5039, 0.17163044782330278
1, 5047, 0.1541502432892762
1, 5095, 0.15286668607346135
1, 5191, 0.1362737394073472
1, 5072, 0.12052783410207651
1, 5205, 0.11991629008246427
1, 5101, 0.11818985548317552
1, 5169, 0.11612037290786717
1, 5099, 0.10877798724609249
1, 5076, 0.10755659215345267
1, 5066, 0.10534716866686912
1, 5107, 0.10530883219459782
1, 5268, 0.09670673798741489
1, 5495, 0.09028949571983984
1, 5280, 0.08817523847925432
1, 5145, 0.08640777555980925
1, 5297, 0.08102755377223071
1, 5229, 0.07995700079486961
1, 5435, 0.07800734518301461
1, 5304, 0.07495215249528049
1, 5100, 0.06838495769863898
1, 5115, 0.06729093597657146
1, 5403, 0.06517871951934294
1, 5522, 0.061914698786718673
1, 5116, 0.06172692494108892
1, 5158, 0.059927089610283375
1, 5102, 0.059899130367442426
1, 5118, 0.058134535637239235
1, 5368, 0.057541553429171804
1, 5108, 0.05641946134422486
1, 5248, 0.0563926950027215
1, 5311, 0.053879891825691605
1, 5114, 0.05333100398237785
1, 5267, 0.05330678154210697
1, 5157, 0.05057096008277517
1, 5269, 0.05054802611325857
1, 5586, 0.04937287556107388
1, 5281, 0.048066118882616526
1, 5174, 0.04686775038214234
1, 5296, 0.045820710529557204
1, 5568, 0.04541715829477209
1, 5641, 0.04537157732524192
1, 5307, 0.04377903457240828
1, 5138, 0.042730625811883825
1, 5292, 0.04100062802414681
1, 5152, 0.040944489807685884
1, 5579, 0.03995155192564315
1, 5323, 0.03973939492624291
1, 5266, 0.03950054289135538
1, 5464, 0.038826300981053496
1, 5327, 0.03819750590573512
1, 5493, 0.03770543364618611
1, 5350, 0.03677237936987994
1, 5841, 0.03580493931466374
1, 5351, 0.03545108006860136
1, 5179, 0.03474354912057986
1, 5865, 0.03455117951288493
1, 5187, 0.03355894382004635
1, 5332, 0.032870853619033163
1, 5381, 0.03253480682015639
1, 5192, 0.03245355704249307
1, 5768, 0.03225972466451164
1, 5387, 0.03149615912983474
1, 5212, 0.0314196022493352
1, 5774, 0.0312466590313176
1, 5486, 0.030527305646549725
1, 5238, 0.030450292025026957
1, 5360, 0.030286795163344454
1, 5306, 0.029962433069566433
1, 5394, 0.02960800217415087
1, 5240, 0.0295396812959747
1, 5569, 0.029075534288165745
1, 5929, 0.02891011260719499
1, 5399, 0.028747235031559282
1, 5263, 0.028682539413672593
1, 5807, 0.02855776284465061
1, 5338, 0.028134082820266356
1, 5265, 0.027874245043607856
1, 5538, 0.02758652785945843
1, 5608, 0.026786722121200902
1, 5506, 0.026491479675876572
1, 5483, 0.026443657524625904
1, 5625, 0.026433340413261612
1, 5660, 0.025880413884925534
1, 5877, 0.025866370362844573
1, 5490, 0.025756397969528336
1, 5571, 0.025360303655073076
1, 5879, 0.025211103837031585
1, 5294, 0.024945131853377156
1, 5881, 0.024588360289196812
1, 5665, 0.02436803763996485
1, 5295, 0.024330162955402294
1, 5390, 0.024001403319758603
1, 5883, 0.023995767167529967
1, 5653, 0.02385291965618239
1, 5303, 0.023745143511349563
1, 5776, 0.023566643481760102
1, 5921, 0.023431178090574264
1, 5496, 0.023357891878843105
1, 5925, 0.02289264642861328
1, 5400, 0.022854401819889944
1, 5488, 0.02284080472233419
1, 5511, 0.02230109953606926
1, 5519, 0.021808220404134597
1, 5697, 0.021562835679618003
1, 5941, 0.02127166053804748
1, 5359, 0.021160372275510323
1, 5943, 0.020826911490583334
1, 5582, 0.020757611728844678
1, 5690, 0.020694654750874276
1, 6395, 0.020675535767693036
1, 5997, 0.020400445526200312
1, 5373, 0.020085997827872105
1, 5594, 0.019920271775865462
1, 5936, 0.01984057439642896
1, 5578, 0.01975825238616657
1, 5388, 0.019684987420958294
1, 5613, 0.019526715158238096
1, 6071, 0.019392239412474123
1, 6537, 0.01934370195025145
1, 6094, 0.01902180698340158
1, 5647, 0.01878495158881453
1, 6116, 0.018665316371209443
1, 5443, 0.018573699846376225
1, 5687, 0.018376492154816508
1, 5805, 0.01805917601473283
1, 5659, 0.01800026242157733
1, 6197, 0.01799111542630497
1, 6214, 0.017672019067981708
1, 5585, 0.0174066906008116
1, 5663, 0.01721575592284931
1, 6259, 0.017066729379369885
1, 6050, 0.017040242247979783
1, 5664, 0.016921220779683013
1, 5825, 0.016828466292943906
1, 6336, 0.016779420717997148
1, 5688, 0.016767522819679588
1, 5908, 0.016690803359117108
1, 5507, 0.01633888155535339
1, 6378, 0.01623296249095615


2, 5000, 0.998535615426545
2, 5001, 0.5667690202938545
2, 5002, 0.3650156202336651
2, 5013, 0.3333333333333333
2, 5009, 0.27889489366182935
2, 5010, 0.2701943504596632
2, 5008, 0.24835114194696006
2, 5003, 0.247475578806427
2, 5016, 0.2125389108110383
2, 5028, 0.15780631386893065
2, 5030, 0.13627373940734722
2, 5019, 0.1355634726476436
2, 5007, 0.1320087353825928
2, 5017, 0.1216232713946873
2, 5061, 0.11991629008246427
2, 5068, 0.11493969355451585
2, 5069, 0.11431932659102659
2, 5011, 0.11250645865725555
2, 5014, 0.10541354841657868
2, 5023, 0.10223009452347415
2, 5102, 0.09703115007616954
2, 5012, 0.09025167033647814
2, 5018, 0.08280454794426226
2, 5026, 0.0747435160930999
2, 5108, 0.07415859134918817
2, 5099, 0.07095353126518196
2, 5110, 0.06901359834127851
2, 5072, 0.06424038955646409
2, 5089, 0.06312468039614684
2, 5107, 0.06159577879205322
2, 5022, 0.061146589327333835
2, 5031, 0.05743924644517031
2, 5037, 0.057131319104283686
2, 5054, 0.05579747198978056
2, 5043, 0.05393060449751278
2, 5063, 0.05276775029126754
2, 5121, 0.05269873126791455
2, 5204, 0.05051036706411449
2, 5122, 0.05040127905376725
2, 5187, 0.048691930187199764
2, 5025, 0.048572787168485135
2, 5176, 0.04833411004791228
2, 5049, 0.04780653227032611
2, 5034, 0.047563643908931925
2, 5092, 0.04732475444060741
2, 5123, 0.046040251494926264
2, 5140, 0.045965352136496294
2, 5120, 0.04480595548967148
2, 5020, 0.04409258107500527
2, 5106, 0.042362557796499875
2, 5074, 0.041559860339180056
2, 5125, 0.041314669907523006
2, 5112, 0.04060348479971364
2, 5052, 0.038508906289676674
2, 5362, 0.03649756508343905
2, 5268, 0.0361935189545126
2, 5201, 0.036051782368217156
2, 5304, 0.03561267751464072
2, 5144, 0.03403049269230988
2, 5228, 0.033043804848678436
2, 5235, 0.031968723850131185
2, 5113, 0.03181124629853278
2, 5036, 0.031122886243260896
2, 5258, 0.030962455012501576
2, 5104, 0.030840286571885214
2, 5114, 0.030318094711420353
2, 5124, 0.02980847523845557
2, 5282, 0.028385870610641815
2, 5047, 0.027920384057644274
2, 5128, 0.027301544681006203
2, 5117, 0.02728785072108461
2, 5129, 0.026940194498866844
2, 5320, 0.026701805929718297
2, 5183, 0.026587267141648142
2, 5100, 0.026403228695775348
2, 5309, 0.026159212504397705
2, 5322, 0.02599879224709963
2, 5150, 0.025841977077330512
2, 5130, 0.02557553054785784
2, 5066, 0.025368758212881728
2, 5299, 0.024967181344687273
2, 5118, 0.02454047374459409
2, 5167, 0.02453468070247557
2, 5111, 0.02443268459303352
2, 5313, 0.024203953157785386
2, 5371, 0.02413793859817389
2, 5077, 0.023116115835354514
2, 5316, 0.02292548047706569
2, 5223, 0.02256827102603914
2, 5085, 0.02256592516130229
2, 5308, 0.022358369961461486
2, 5168, 0.022297007758425576
2, 5542, 0.022166713816983295
2, 5241, 0.021568718393292097
2, 5323, 0.0214421671434598
2, 5158, 0.020953653099889752
2, 5328, 0.020792056425010447
2, 5358, 0.020596907311746324
2, 5465, 0.02035204200624605
2, 5375, 0.020213293902835223
2, 5351, 0.020197300586602625
2, 5306, 0.02009352802706382
2, 5101, 0.01987120448169967
2, 5312, 0.019390125742114035
2, 5364, 0.019389016696174027
2, 5134, 0.01936576623829684
2, 5366, 0.019012726497006856
2, 5377, 0.01862766383523162
2, 5378, 0.01847809628223663
2, 5376, 0.0183794254741407
2, 5311, 0.018034216230601995
2, 5116, 0.017517281587498667
2, 5234, 0.01726161870931996
2, 5397, 0.01704394477286859
2, 5324, 0.016908004229514793
2, 5165, 0.01661801405689672
2, 5193, 0.016493178317364715
2, 5131, 0.016470127294436865
2, 5331, 0.016341236538677466
2, 5119, 0.016329225136419896
2, 5157, 0.015981507950797415
2, 5462, 0.015968975642325186
2, 5356, 0.015812054809236965
2, 5303, 0.01562184842759803
2, 5483, 0.01550500841027831
2, 5496, 0.015494528712136328
2, 5479, 0.015397974270341067
2, 5546, 0.015290597945506036
2, 5211, 0.015078870322450755
2, 5443, 0.014846712136975618
2, 5142, 0.014738567305883734
2, 5222, 0.014591214532932977
2, 5489, 0.014511597639286151
2, 5497, 0.014389254550363934
2, 5417, 0.014356449787917168
2, 5715, 0.01433628838866088
2, 5178, 0.01393833595950746
2, 5126, 0.013787546632997161
2, 5127, 0.013589853259736202
2, 5379, 0.013471391310406986
2, 5411, 0.013390873753971595
2, 5532, 0.013352762821354183
2, 5746, 0.013237153135327553
2, 5434, 0.013209124379154233
2, 5482, 0.013188535250840861
2, 5515, 0.01313117821561289
2, 5653, 0.012978520424565244
2, 5505, 0.012955030279623157
2, 5663, 0.012928641377327242
2, 5172, 0.01290309647238917


3, 5076, 1.0
3, 5000, 1.0
3, 5001, 0.430916085997544
3, 5005, 0.35869403188644455
3, 5103, 0.3004474977740826
3, 5009, 0.21869854236865338
3, 5006, 0.21545804299877197
3, 5014, 0.19816949508401444
3, 5093, 0.18691493786550115
3, 5121, 0.18146425217875956
3, 5016, 0.14858658746280298
3, 5030, 0.12959588065333372
3, 5105, 0.12704675444066071
3, 5146, 0.12219615068763752
3, 5161, 0.10876123039534193
3, 5104, 0.10816561198471578
3, 5018, 0.10226422979742236
3, 5186, 0.09800850678310863
3, 5022, 0.09261902637732455
3, 5219, 0.08920310135725948
3, 5025, 0.08465885203092698
3, 5044, 0.08077072790889825
3, 5292, 0.08013795581474455
3, 5278, 0.07563462539458667
3, 5033, 0.06782613926784087
3, 5068, 0.06672201146732434
3, 5034, 0.06343773986897029
3, 5036, 0.05959120510386573
3, 5296, 0.0579870637244596
3, 5289, 0.055666785108562725
3, 5498, 0.055131201318478804
3, 5064, 0.05498936269024051
3, 5302, 0.05478121356304926
3, 5089, 0.05464087009279504
3, 5082, 0.05257973893848792
3, 5360, 0.051913855605386354
3, 5047, 0.0517960232655956
3, 5050, 0.049204560517188245
3, 5467, 0.04699946198454878
3, 5054, 0.04686354511587037
3, 5074, 0.04516931415138075
3, 5485, 0.04487733650789638
3, 5061, 0.04473791846593767
3, 5245, 0.042404526283280286
3, 5101, 0.04136633222366601
3, 5084, 0.04094786185054091
3, 5099, 0.03997809303787217
3, 5102, 0.03963443746273241
3, 5071, 0.03776245499839285
3, 5698, 0.03671834624607695
3, 5072, 0.036366370647882625
3, 5094, 0.03604513301614589
3, 5096, 0.03478993660486916
3, 5108, 0.03337072755535572
3, 5118, 0.03335149311726071
3, 5761, 0.03305134033943805
3, 5884, 0.03258244206439031
3, 5117, 0.03153318963257382
3, 5111, 0.031288360112357444
3, 6165, 0.031220722702380226
3, 5110, 0.030488304070771705
3, 6261, 0.029708144345493574
3, 5993, 0.029186846801261476
3, 5508, 0.02872986065851437
3, 5116, 0.02837359703428441
3, 5876, 0.02755699003908836
3, 5112, 0.02647831336558704
3, 5515, 0.02611399363240059
3, 5097, 0.026027788708068603
3, 5374, 0.025686275435362785
3, 5946, 0.02442858891555255
3, 5100, 0.02433194502586784
3, 5970, 0.023116699694734046
3, 6787, 0.023066749857377136
3, 5113, 0.022790150601856917
3, 6012, 0.021938656040108414
3, 6531, 0.021793358686234544
3, 6074, 0.021011757064348834
3, 5156, 0.020412077021899032
3, 5107, 0.020345212490288124
3, 6160, 0.020160358905575812
3, 5212, 0.0201010691204145
3, 5249, 0.019867989787857688
3, 5211, 0.01961829003498934
3, 5123, 0.01950565297840478
3, 5268, 0.01948754776804873
3, 6849, 0.019133235379344363
3, 7414, 0.01886195726831319
3, 6192, 0.018752751620351206
3, 6231, 0.018405716875318324
3, 7186, 0.018357866974517228
3, 5269, 0.01828724543451314
3, 5715, 0.018221223313361085
3, 5114, 0.01720368151495347
3, 6283, 0.017183563270471682
3, 5879, 0.016935656964460512
3, 6320, 0.01689149771822418
3, 5783, 0.016767793035383817
3, 5169, 0.016716385471059397
3, 5731, 0.016397356073153915
3, 6424, 0.016336336050599178
3, 5175, 0.016228626724154142
3, 6440, 0.01607229261589026
3, 5179, 0.015969451438209808
3, 5771, 0.01591498770289171
3, 6450, 0.01581669362593904
3, 5205, 0.015334346010490914
3, 6485, 0.015329251079924406
3, 5119, 0.015291042840663696
3, 6498, 0.015096679339259211
3, 5799, 0.014989538721093373
3, 5775, 0.014983889434858334
3, 5124, 0.014760723715905767
3, 5140, 0.014536329784143728
3, 5948, 0.014436049082517695
3, 7564, 0.01441632882057303
3, 5223, 0.01432851511238201
3, 5144, 0.014318931278669782
3, 5882, 0.014285874339552173
3, 5230, 0.014126096169713937
3, 6716, 0.014125397889496025
3, 5145, 0.014108194807724045
3, 7643, 0.014067792683612
3, 5157, 0.01362256429875728
3, 5158, 0.013432012902870407
3, 7503, 0.013288202942302093
3, 5857, 0.01328211473155176
3, 5162, 0.013246915197465525
3, 5166, 0.013067032869125675
3, 6864, 0.012786401367318345
3, 5172, 0.012679456922506556
3, 6917, 0.012465705835194222
3, 5297, 0.012420280241382335
3, 5308, 0.012395038632574497
3, 6955, 0.012311349560487787
3, 5336, 0.0122144853165799
3, 6997, 0.012160789995259382
3, 5201, 0.012120185982797892
3, 5300, 0.012033238895663849
3, 5275, 0.012028214959680828
3, 5204, 0.01196986345692507
3, 7084, 0.011826727241408328
3, 5306, 0.011669597001359285
3, 5281, 0.011664070191224339
3, 5393, 0.011582891893774563
3, 7203, 0.011328293855218234
3, 7823, 0.011246853937002765
3, 7275, 0.011200636022703145
3, 5214, 0.011173316471556836
3, 5334, 0.011147869833970822


4, 5000, 1.0
4, 5001, 0.430916085997544
4, 5005, 0.35869403188644455
4, 7688, 0.33333333333333337
4, 8032, 0.3002941609932102
4, 5009, 0.21869854236865338
4, 5006, 0.21545804299877197
4, 5014, 0.19816949508401444
4, 8929, 0.18743757126850413
4, 9038, 0.15780631386893068
4, 5016, 0.14858658746280298
4, 5030, 0.12959588065333372
4, 5018, 0.10226422979742236
4, 5022, 0.09261902637732455
4, 5025, 0.08465885203092698
4, 5044, 0.08077072790889825
4, 5033, 0.06782613926784087
4, 5068, 0.06672201146732434
4, 5034, 0.06343773986897029
4, 5036, 0.05959120510386573
4, 5064, 0.05498936269024051
4, 5089, 0.05464087009279504
4, 5082, 0.05257973893848792
4, 5047, 0.0517960232655956
4, 5050, 0.049204560517188245
4, 5054, 0.04686354511587037
4, 5074, 0.04516931415138075
4, 5061, 0.04473791846593767
4, 6491, 0.04380062703811768
4, 5101, 0.04136633222366601
4, 5084, 0.04094786185054091
4, 5099, 0.03997809303787217
4, 5102, 0.03963443746273241
4, 5071, 0.03776245499839285
4, 5104, 0.036436597872565944
4, 5072, 0.036366370647882625
4, 9444, 0.0361082268756349
4, 5094, 0.03604513301614589
4, 5096, 0.03478993660486916
4, 5108, 0.03337072755535572
4, 5118, 0.03335149311726071
4, 5117, 0.03153318963257382
4, 5111, 0.031288360112357444
4, 5105, 0.03069813732128354
4, 5110, 0.030488304070771705
4, 7224, 0.02913736757851819
4, 5093, 0.02874214434199777
4, 5116, 0.02837359703428441
4, 5112, 0.02647831336558704
4, 5097, 0.026027788708068603
4, 5100, 0.02433194502586784
4, 5113, 0.022790150601856917
4, 5156, 0.020412077021899032
4, 5107, 0.020345212490288124
4, 5212, 0.0201010691204145
4, 5249, 0.019867989787857688
4, 5211, 0.01961829003498934
4, 5123, 0.01950565297840478
4, 5268, 0.01948754776804873
4, 5269, 0.01828724543451314
4, 9445, 0.017604748124535982
4, 5114, 0.01720368151495347
4, 5169, 0.016716385471059397
4, 9745, 0.0165523056394703
4, 5175, 0.016228626724154142
4, 5179, 0.015969451438209808
4, 5205, 0.015334346010490914
4, 5119, 0.015291042840663696
4, 10029, 0.0151893962888557
4, 5124, 0.014760723715905767
4, 5140, 0.014536329784143728
4, 5223, 0.01432851511238201
4, 5144, 0.014318931278669782
4, 5230, 0.014126096169713937
4, 5145, 0.014108194807724045
4, 5157, 0.01362256429875728
4, 5158, 0.013432012902870407
4, 5162, 0.013246915197465525
4, 5166, 0.013067032869125675
4, 5289, 0.012949676588908875
4, 5172, 0.012679456922506556
4, 5297, 0.012420280241382335
4, 5308, 0.012395038632574497
4, 5336, 0.0122144853165799
4, 5201, 0.012120185982797892
4, 5300, 0.012033238895663849
4, 5275, 0.012028214959680828
4, 5204, 0.01196986345692507
4, 5306, 0.011669597001359285
4, 5281, 0.011664070191224339
4, 5393, 0.011582891893774563
4, 5214, 0.011173316471556836
4, 5334, 0.011147869833970822
4, 5294, 0.011078268901196743
4, 5238, 0.010736682580508292
4, 5299, 0.01072882257231676
4, 5239, 0.010618495950535418
4, 5330, 0.010507305129621392
4, 5245, 0.010502969425559864
4, 5303, 0.010487571213883105
4, 5332, 0.010397063679503158
4, 5247, 0.01039001155874988
4, 5251, 0.010060567500758181
4, 5258, 0.009956803444770805
4, 5260, 0.009855227866167927
4, 5351, 0.009769174649293867
4, 5262, 0.009755770248288108
4, 5317, 0.00973417334553122
4, 5319, 0.009640332361113432
4, 5489, 0.009578232130562518
4, 5370, 0.00948144700104271
4, 5279, 0.009157251156188402
4, 5280, 0.009071067996482472
4, 5495, 0.008948978066354307
4, 5282, 0.008882691074196902
4, 5412, 0.00874623073317134
4, 5291, 0.008687882188608012
4, 5508, 0.008683803908117012
4, 5293, 0.008610387448035661
4, 5612, 0.00847260373154235
4, 5298, 0.008335840755854562
4, 5505, 0.008136416784271959
4, 5378, 0.008070051274803054
4, 5304, 0.00799424514936023
4, 5564, 0.007930258107483223
4, 5307, 0.007836134252012019
4, 5571, 0.007816263380090959
4, 5521, 0.007812473249541908
4, 5313, 0.00767544662263443
4, 5315, 0.0076149569800239136
4, 5316, 0.007555443965731323
4, 5465, 0.007508345453369697
4, 5652, 0.007497056049428512
4, 5469, 0.007452378275500727
4, 5561, 0.007409892687366014
4, 5783, 0.00740012642420442
4, 5321, 0.007353435959796818
4, 5323, 0.0072979793215292394
4, 5326, 0.007243378680721342
4, 5329, 0.007189613822069843
4, 5506, 0.007115454204127705
4, 5522, 0.006834095032363166
4, 5338, 0.006820743181111698
4, 5345, 0.006772982141835428
4, 5348, 0.006725906281980988
4, 5653, 0.006708018057486022
4, 5349, 0.006679500548127007
4, 5554, 0.006644927227758492
4, 5746, 0.006587259701408817
4, 5356, 0.006568787417307874


5, 5032, 1.0000000000000002
5, 5000, 1.0
5, 5067, 1.0
5, 5008, 0.5606347534969245
5, 5064, 0.5
5, 5069, 0.5
5, 5037, 0.4999999999999999
5, 5070, 0.4527277658178887
5, 5242, 0.3333333333333333
5, 5020, 0.3004474977740826
5, 5022, 0.23081263460029214
5, 5051, 0.19544560336313435
5, 5023, 0.1874375712685041
5, 5276, 0.1798682294443367
5, 5173, 0.17610067297125084
5, 5125, 0.1704181125735121
5, 5084, 0.1632083265027892
5, 5168, 0.1584594090650802
5, 5294, 0.15233688992979305
5, 5127, 0.1453724957425291
5, 5094, 0.1401586883742311
5, 5362, 0.13213693719637742
5, 5104, 0.13212693392989555
5, 5205, 0.13028129421854667
5, 5108, 0.12739405761725714
5, 5141, 0.12679018337844483
5, 5097, 0.12284228064747325
5, 5177, 0.11894697073657812
5, 5448, 0.11667801443333779
5, 5098, 0.10934927118432668
5, 5452, 0.10446350769272224
5, 5179, 0.09702366232924481
5, 5183, 0.09583821654649674
5, 5587, 0.09456761723958411
5, 5267, 0.09289456272129572
5, 5193, 0.08738019203895867
5, 5614, 0.08638659783537547
5, 5975, 0.08177590719551646
5, 5245, 0.08030439112143006
5, 5627, 0.0795097854342892
5, 5099, 0.07744801560533121
5, 5941, 0.07364805984514697
5, 5110, 0.07289951412288447
5, 5279, 0.06912815466787257
5, 5971, 0.06859194248036925
5, 5234, 0.06816490999038266
5, 5106, 0.06564843537249875
5, 5307, 0.06463610685679934
5, 5144, 0.06400524816048526
5, 5259, 0.06373789745407486
5, 5246, 0.060055139013830285
5, 5361, 0.06005366219651601
5, 6222, 0.05921872919669327
5, 5978, 0.059131957042178315
5, 6271, 0.05788131082589207
5, 5407, 0.057207989605591994
5, 5463, 0.05410148821831398
5, 5395, 0.05393009704255079
5, 5113, 0.053018827548974655
5, 6296, 0.05263896016311474
5, 5304, 0.052555930640343286
5, 5475, 0.05131599078413572
5, 5118, 0.05031674111419393
5, 5306, 0.04989610695041804
5, 5635, 0.04880405353013061
5, 6203, 0.04842844501833556
5, 6437, 0.04841519236111584
5, 5119, 0.047879565110838226
5, 5303, 0.047407246561650046
5, 5140, 0.045669808560543854
5, 5342, 0.04531793230148282
5, 5476, 0.04477680523454052
5, 5393, 0.043590939515115716
5, 6245, 0.043527218597908306
5, 5350, 0.043333105388070635
5, 5721, 0.0425576055260423
5, 5149, 0.0418151585145931
5, 6270, 0.04170489509009767
5, 5729, 0.040816921057170635
5, 5221, 0.04012375752864805
5, 5305, 0.03992383812428885
5, 5596, 0.03964605036442223
5, 5646, 0.03953331483473108
5, 5758, 0.039213286819052506
5, 5588, 0.039035420541585965
5, 5239, 0.03856480439070497
5, 5865, 0.03844439395825136
5, 6448, 0.037818608378125944
5, 5496, 0.03702726950252828
5, 5764, 0.036357057557385365
5, 5338, 0.03627565353480057
5, 5364, 0.035236393247797766
5, 5396, 0.03517084931280244
5, 5766, 0.03507971358670667
5, 6361, 0.03440230764476612
5, 5280, 0.03417736887982607
5, 5444, 0.033959845373138974
5, 5767, 0.03388919695579181
5, 5547, 0.03305697072400345
5, 5289, 0.033040509022320204
5, 5453, 0.032830451060649087
5, 5785, 0.032776934601181744
5, 6746, 0.03273813904736429
5, 5464, 0.03177459740305146
5, 5813, 0.03173544743563384
5, 6621, 0.03152061699957214
5, 5495, 0.0312996586291718
5, 5837, 0.030758181057328762
5, 6663, 0.030550188966349978
5, 5327, 0.02976686096065172
5, 5716, 0.029599287151343686
5, 5482, 0.029410373699692013
5, 5732, 0.029335046223299632
5, 5530, 0.02918461773499947
5, 5489, 0.028560062859042574
5, 5571, 0.028540641935490232
5, 5344, 0.028084757775802716
5, 5516, 0.027758068927028326
5, 6078, 0.02773576828339938
5, 5558, 0.02715624528832764
5, 6076, 0.02713985457442105
5, 6507, 0.027074467320754376
5, 5533, 0.027000346834342315
5, 5568, 0.02643238870362247
5, 6528, 0.026353795404914112
5, 5542, 0.02628329480548881
5, 5673, 0.026076058245824294
5, 5770, 0.02568506888858484
5, 5484, 0.025480961734788664
5, 5759, 0.025240137820291726
5, 6591, 0.025022679181135835
5, 6114, 0.02488877705697593
5, 5493, 0.02484386714827435
5, 6096, 0.02449450994566081
5, 6117, 0.024283474360640173
5, 5602, 0.022795492114677917
5, 5634, 0.022280384837812053
5, 5538, 0.021935567879862068
5, 7100, 0.021915008559513595
5, 6140, 0.02168725329559983
5, 6751, 0.02167801354541964
5, 5541, 0.021460867759790562
5, 7109, 0.021441194432425932
5, 6340, 0.021045032795891382
5, 5667, 0.021020614205497116
5, 6485, 0.020962585309456494
5, 5726, 0.020935615704054118
5, 5876, 0.020675889649389354
5, 6385, 0.02061065157378595
5, 5669, 0.020581593242473026


6, 5017, 1.0
6, 5023, 0.5000000000000001
6, 5036, 0.41703198271401637
6, 5094, 0.29277147721934654
6, 5106, 0.16480286613515613
6, 7503, 0.15780631386893068
6, 5477, 0.14545579333817305
6, 5118, 0.14116376072090422
6, 8120, 0.13627373940734722
6, 5153, 0.12351665135898732
6, 8261, 0.11991629008246427
6, 5185, 0.11386092222621692
6, 5167, 0.10982368987981113
6, 9541, 0.1070672946369944
6, 5175, 0.09888204591647885
6, 9736, 0.0967067379874149
6, 5726, 0.0922617197558938
6, 5727, 0.0921972572265328
6, 5305, 0.08286706977492184
6, 5219, 0.08253434819935057
6, 5188, 0.08042031651294738
6, 5189, 0.07439573419075646
6, 5204, 0.06921552407133627
6, 6382, 0.06115737700852007
6, 5242, 0.05962985885092825
6, 5254, 0.0562556305452801
6, 5326, 0.055722029450272895
6, 5255, 0.053244599820764626
6, 5294, 0.05054087749310828
6, 5301, 0.04809952409387454
6, 5308, 0.04171055230977823
6, 5324, 0.040026924825024755
6, 5330, 0.03633922199306233
6, 5332, 0.03505387331528446
6, 5337, 0.03385705104741662
6, 5606, 0.03343503123852977
6, 5339, 0.03273984927597475
6, 5350, 0.03169452557520435
6, 7223, 0.031078771648236334
6, 5490, 0.031035661402858298
6, 5351, 0.03071431592259319
6, 5445, 0.029793284037933902
6, 5459, 0.02892619786688606
6, 5468, 0.028108427644630948
6, 5470, 0.027335861246832918
6, 5620, 0.02701655671611237
6, 5471, 0.026604833487757586
6, 5472, 0.02591206674582215
6, 5712, 0.025370516303181583
6, 5474, 0.025254620846488107
6, 5609, 0.02495640100363349
6, 5494, 0.023296340234616728
6, 5495, 0.02276364595822581
6, 5496, 0.022254867623942524
6, 5716, 0.021852328976417063
6, 5554, 0.02176842378518362
6, 5593, 0.0213028699248067
6, 5597, 0.020856883898808107
6, 5600, 0.020429253204129607
6, 5829, 0.020153880212658223
6, 5950, 0.020075993997304094
6, 5766, 0.01920851535770644
6, 5613, 0.018819140525247736
6, 5652, 0.017959586541389676
6, 5669, 0.017640958594029362
6, 5865, 0.016759807802506892
6, 5724, 0.01651690772574584
6, 5874, 0.01627310877097146
6, 5877, 0.016009899359576293
6, 5928, 0.015565241562947113
6, 5729, 0.01552721631877617
6, 5742, 0.015288090058790794
6, 5754, 0.015056267756179244
6, 5769, 0.014547742571725884
6, 6181, 0.014510358393454506
6, 5954, 0.014474555382448618
6, 5777, 0.014337693228056508
6, 5781, 0.014133663085890601
6, 5811, 0.013935395448732466
6, 5989, 0.013808213016981465
6, 6353, 0.013472430895015356
6, 5830, 0.013459082206620569
6, 5831, 0.013279118998214079
6, 5850, 0.013103936205268103
6, 6736, 0.013045737435403234
6, 5870, 0.012717009641010827
6, 5917, 0.012154901025336817
6, 5937, 0.011821318092864918
6, 6285, 0.011810091218264089
6, 5940, 0.011682228948745568
6, 6605, 0.011679321979059763
6, 5949, 0.0115463969215083
6, 7047, 0.011320469480375612
6, 6689, 0.011008400372311607
6, 5965, 0.01100204609691822
6, 5973, 0.010881362859041684
6, 5974, 0.010763318686259975
6, 6866, 0.01073286844849433
6, 6387, 0.010597441174805142
6, 6761, 0.010504971369045709
6, 6010, 0.010500955834205142
6, 6011, 0.010390989441409522
6, 6435, 0.010317687646757898
6, 6062, 0.010283319353528006
6, 6459, 0.010211239169789894
6, 6071, 0.010177873877786927
6, 6081, 0.010074584295121463
6, 6110, 0.009973384706605297
6, 6182, 0.00972713141991922
6, 6183, 0.009632741320655006
6, 6189, 0.009540178357559213
6, 6203, 0.009449389629086546
6, 6213, 0.009360324269484814
6, 6216, 0.009272933351208403
6, 7424, 0.009264209997788484
6, 6634, 0.00919416312390171
6, 6259, 0.009187169792923541
6, 6839, 0.009078345248511054
6, 6688, 0.009045739258273336
6, 6287, 0.008995284405014868
6, 7224, 0.008983668733836658
6, 6299, 0.008914560711188369
6, 6311, 0.008835282188518364
6, 6313, 0.008757410134483693
6, 6320, 0.008680907224401842
6, 6325, 0.008605737450314479
6, 7487, 0.008560812259037709
6, 6345, 0.008531866063114237
6, 6774, 0.008403175078142948
6, 6359, 0.008338857044111163
6, 7055, 0.008242635974419857
6, 6424, 0.008079153696425671
6, 6837, 0.008071906097275148
6, 7063, 0.00806952540015032
6, 6433, 0.008013960117830633
6, 7229, 0.007985084797112116
6, 7108, 0.007916298051569974
6, 6466, 0.007787026408160145
6, 6907, 0.007744486599802785
6, 6472, 0.007726436545293618
6, 6910, 0.007684477193079853
6, 6473, 0.00766678865911438
6, 6491, 0.007608060808813774
6, 6496, 0.007550231733980471
6, 6506, 0.007493280828273399
6, 6559, 0.007437188114314461
6, 7737, 0.007399185151336198
6, 6586, 0.007381934219735323
6, 6611, 0.007237070379602825
6, 6630, 0.007184724195338482


7, 5000, 0.9891110839472298
7, 5004, 0.5000000000000001
7, 5001, 0.3599307948187143
7, 5005, 0.35869403188644455
7, 5009, 0.27997647456729996
7, 5008, 0.24835114194696006
7, 5101, 0.23023625363294653
7, 5092, 0.21799723064873802
7, 5006, 0.21545804299877197
7, 5025, 0.20421877712966233
7, 5010, 0.19925959522768671
7, 5014, 0.19816949508401444
7, 5044, 0.18281296764926244
7, 5157, 0.1513902603221888
7, 5016, 0.14858658746280298
7, 5061, 0.14661865062735707
7, 5074, 0.13586178083994568
7, 5017, 0.13293588568398526
7, 5030, 0.12959588065333372
7, 5023, 0.1285771442752177
7, 5069, 0.12687539637735887
7, 5011, 0.1178970170045466
7, 5085, 0.11251126109056019
7, 5064, 0.10178227176421176
7, 5269, 0.09839800698073979
7, 5018, 0.09512485921259688
7, 5026, 0.09452949600457258
7, 5022, 0.09261902637732455
7, 5103, 0.09176796953350214
7, 5728, 0.08464029985140742
7, 5890, 0.07459975247973101
7, 5138, 0.07452903147449509
7, 5439, 0.0692772113500719
7, 5033, 0.06782613926784087
7, 5037, 0.0675169171638562
7, 5102, 0.06699710042830763
7, 5068, 0.06672201146732434
7, 5378, 0.06642869003860948
7, 5107, 0.06513948934719177
7, 5121, 0.06478661440436348
7, 5034, 0.06343773986897029
7, 5043, 0.06308032493704818
7, 5122, 0.062045722103975263
7, 5106, 0.06157965455286309
7, 5350, 0.06085583715752871
7, 5036, 0.05959120510386573
7, 5049, 0.059208509932523974
7, 5120, 0.05866814733969588
7, 5123, 0.0547983539399027
7, 5089, 0.05464087009279504
7, 5148, 0.054148934641508766
7, 5072, 0.05340411444055213
7, 5063, 0.05276775029126754
7, 5082, 0.05257973893848792
7, 5054, 0.052569526454699644
7, 5261, 0.05241212387231919
7, 5047, 0.0517960232655956
7, 6421, 0.05162870492573618
7, 5296, 0.05092627203591939
7, 5111, 0.049880172425191105
7, 5050, 0.049204560517188245
7, 5210, 0.04881342158371273
7, 5277, 0.04792971137478241
7, 5476, 0.047265628695760606
7, 5218, 0.0465242686436039
7, 5235, 0.04444161017635723
7, 5236, 0.04253854707504199
7, 5630, 0.0420068095153802
7, 6231, 0.04156684989997402
7, 5084, 0.04094786185054091
7, 5099, 0.03997809303787217
7, 7726, 0.03898149843123503
7, 5273, 0.038714542921646077
7, 5071, 0.03776245499839285
7, 5583, 0.03767638803719424
7, 5104, 0.036436597872565944
7, 5094, 0.03604513301614589
7, 5505, 0.03584638467921662
7, 5562, 0.03576044261714436
7, 5096, 0.03478993660486916
7, 5183, 0.03412831764938294
7, 5108, 0.03337072755535572
7, 5118, 0.03335149311726071
7, 5112, 0.033318862325655896
7, 5205, 0.03177525449382714
7, 5117, 0.03153318963257382
7, 5871, 0.03130168267038638
7, 5113, 0.030705872103899044
7, 5105, 0.03069813732128354
7, 5110, 0.030488304070771705
7, 8091, 0.030360861312155006
7, 5515, 0.03028432800963684
7, 5299, 0.029583626979638535
7, 5464, 0.029333811399992978
7, 5093, 0.02874214434199777
7, 5289, 0.02858029300207151
7, 5116, 0.02837359703428441
7, 5489, 0.028218935043077598
7, 5125, 0.028097280117157165
7, 5309, 0.02731966267814911
7, 5128, 0.027301544681006203
7, 5124, 0.02671086105648458
7, 5320, 0.026701805929718297
7, 5130, 0.02655106298745899
7, 7777, 0.026293750786585305
7, 5297, 0.026131681057549455
7, 5097, 0.026027788708068603
7, 5322, 0.02599879224709963
7, 5311, 0.025922080896125743
7, 5150, 0.025841977077330512
7, 5291, 0.025724453678612386
7, 7692, 0.025296566608080495
7, 6097, 0.02517350590428703
7, 5793, 0.02475595207866272
7, 5300, 0.024676513218132332
7, 5167, 0.02453468070247557
7, 5100, 0.02433194502586784
7, 7580, 0.0239963550138691
7, 5168, 0.023930701189685186
7, 7712, 0.022665790302162935
7, 5995, 0.022525277199161458
7, 5393, 0.022289567145970187
7, 5913, 0.022117961873984276
7, 5234, 0.022056885886297537
7, 5394, 0.021833677383152165
7, 5241, 0.021568718393292097
7, 5496, 0.021496848128375115
7, 5328, 0.02118018159309538
7, 5422, 0.020909300212720985
7, 8707, 0.020866648481183758
7, 5375, 0.020865678162820152
7, 5461, 0.020476176223492557
7, 5993, 0.020471535419685827
7, 5156, 0.020412077021899032
7, 6417, 0.020251228067693135
7, 5212, 0.0201010691204145
7, 5249, 0.019867989787857688
7, 5569, 0.019800987236121982
7, 5158, 0.01968916002675478
7, 5211, 0.01961829003498934
7, 5268, 0.01948754776804873
7, 5953, 0.019338335071043693
7, 5477, 0.019091397278885966
7, 7693, 0.019070429197248804
7, 5478, 0.018729766889838285
7, 7694, 0.01871149296889066
7, 5223, 0.018535617265209352
7, 5308, 0.018487376134938324
7, 7706, 0.018365891777230848
7, 5482, 0.017881023595386066


8, 5012, 1.0
8, 5001, 1.0
8, 5014, 1.0
8, 5022, 0.5
8, 5019, 0.43256014199731996
8, 5023, 0.2799754871655648
8, 5081, 0.25
8, 5031, 0.21459681090902225
8, 5043, 0.1823628869299314
8, 5074, 0.17638206181283575
8, 5039, 0.17163044782330278
8, 5047, 0.1541502432892762
8, 5095, 0.15286668607346135
8, 5191, 0.1362737394073472
8, 5072, 0.12052783410207651
8, 5205, 0.11991629008246427
8, 5101, 0.11818985548317552
8, 5169, 0.11612037290786717
8, 5099, 0.10877798724609249
8, 5076, 0.10755659215345267
8, 5066, 0.10534716866686912
8, 5107, 0.10530883219459782
8, 5268, 0.09670673798741489
8, 5495, 0.09028949571983984
8, 5280, 0.08817523847925432
8, 5145, 0.08640777555980925
8, 5297, 0.08102755377223071
8, 5229, 0.07995700079486961
8, 5435, 0.07800734518301461
8, 5304, 0.07495215249528049
8, 5100, 0.06838495769863898
8, 5115, 0.06729093597657146
8, 5403, 0.06517871951934294
8, 5522, 0.061914698786718673
8, 5116, 0.06172692494108892
8, 5158, 0.059927089610283375
8, 5102, 0.059899130367442426
8, 5118, 0.058134535637239235
8, 5368, 0.057541553429171804
8, 5108, 0.05641946134422486
8, 5248, 0.0563926950027215
8, 5311, 0.053879891825691605
8, 5114, 0.05333100398237785
8, 5267, 0.05330678154210697
8, 5157, 0.05057096008277517
8, 5269, 0.05054802611325857
8, 5586, 0.04937287556107388
8, 5281, 0.048066118882616526
8, 5174, 0.04686775038214234
8, 5296, 0.045820710529557204
8, 5568, 0.04541715829477209
8, 5641, 0.04537157732524192
8, 5307, 0.04377903457240828
8, 5138, 0.042730625811883825
8, 5292, 0.04100062802414681
8, 5152, 0.040944489807685884
8, 5579, 0.03995155192564315
8, 5323, 0.03973939492624291
8, 5266, 0.03950054289135538
8, 5464, 0.038826300981053496
8, 5327, 0.03819750590573512
8, 5493, 0.03770543364618611
8, 5350, 0.03677237936987994
8, 5841, 0.03580493931466374
8, 5351, 0.03545108006860136
8, 5179, 0.03474354912057986
8, 5865, 0.03455117951288493
8, 5187, 0.03355894382004635
8, 5332, 0.032870853619033163
8, 5381, 0.03253480682015639
8, 5192, 0.03245355704249307
8, 5768, 0.03225972466451164
8, 5387, 0.03149615912983474
8, 5212, 0.0314196022493352
8, 5774, 0.0312466590313176
8, 5486, 0.030527305646549725
8, 5238, 0.030450292025026957
8, 5360, 0.030286795163344454
8, 5306, 0.029962433069566433
8, 5394, 0.02960800217415087
8, 5240, 0.0295396812959747
8, 5569, 0.029075534288165745
8, 5929, 0.02891011260719499
8, 5399, 0.028747235031559282
8, 5263, 0.028682539413672593
8, 5807, 0.02855776284465061
8, 5338, 0.028134082820266356
8, 5265, 0.027874245043607856
8, 5538, 0.02758652785945843
8, 5608, 0.026786722121200902
8, 5506, 0.026491479675876572
8, 5483, 0.026443657524625904
8, 5625, 0.026433340413261612
8, 5660, 0.025880413884925534
8, 5877, 0.025866370362844573
8, 5490, 0.025756397969528336
8, 5571, 0.025360303655073076
8, 5879, 0.025211103837031585
8, 5294, 0.024945131853377156
8, 5881, 0.024588360289196812
8, 5665, 0.02436803763996485
8, 5295, 0.024330162955402294
8, 5390, 0.024001403319758603
8, 5883, 0.023995767167529967
8, 5653, 0.02385291965618239
8, 5303, 0.023745143511349563
8, 5776, 0.023566643481760102
8, 5921, 0.023431178090574264
8, 5496, 0.023357891878843105
8, 5925, 0.02289264642861328
8, 5400, 0.022854401819889944
8, 5488, 0.02284080472233419
8, 5511, 0.02230109953606926
8, 5519, 0.021808220404134597
8, 5697, 0.021562835679618003
8, 5941, 0.02127166053804748
8, 5359, 0.021160372275510323
8, 5943, 0.020826911490583334
8, 5582, 0.020757611728844678
8, 5690, 0.020694654750874276
8, 6395, 0.020675535767693036
8, 5997, 0.020400445526200312
8, 5373, 0.020085997827872105
8, 5594, 0.019920271775865462
8, 5936, 0.01984057439642896
8, 5578, 0.01975825238616657
8, 5388, 0.019684987420958294
8, 5613, 0.019526715158238096
8, 6071, 0.019392239412474123
8, 6537, 0.01934370195025145
8, 6094, 0.01902180698340158
8, 5647, 0.01878495158881453
8, 6116, 0.018665316371209443
8, 5443, 0.018573699846376225
8, 5687, 0.018376492154816508
8, 5805, 0.01805917601473283
8, 5659, 0.01800026242157733
8, 6197, 0.01799111542630497
8, 6214, 0.017672019067981708
8, 5585, 0.0174066906008116
8, 5663, 0.01721575592284931
8, 6259, 0.017066729379369885
8, 6050, 0.017040242247979783
8, 5664, 0.016921220779683013
8, 5825, 0.016828466292943906
8, 6336, 0.016779420717997148
8, 5688, 0.016767522819679588
8, 5908, 0.016690803359117108
8, 5507, 0.01633888155535339
8, 6378, 0.01623296249095615


9, 5456, 1.0
9, 5000, 0.9586730910147234
9, 5719, 0.49999999999999994
9, 5001, 0.4859652049816893
9, 5106, 0.3002941609932102
9, 5003, 0.27832732042747965
9, 5007, 0.2655369760902463
9, 5008, 0.19778542722458906
9, 5073, 0.18752481651262026
9, 5009, 0.18037059748531337
9, 5019, 0.1762947857172273
9, 8611, 0.16666666666666666
9, 5031, 0.16255354893775792
9, 5010, 0.15436428368245145
9, 5124, 0.1502237488870413
9, 5092, 0.14791295799121756
9, 8926, 0.14285714285714288
9, 5011, 0.11921572697423577
9, 5013, 0.11233493327125625
9, 5014, 0.11028953049886193
9, 5193, 0.11009663642747523
9, 5138, 0.10872721183504765
9, 5023, 0.10605756094147487
9, 5063, 0.09095314048894829
9, 5049, 0.0881628766073911
9, 5066, 0.08334595368928677
9, 5032, 0.08059710340257352
9, 5121, 0.07948594508291658
9, 5044, 0.07431951044578346
9, 5069, 0.07029819191180638
9, 5012, 0.06865401889262525
9, 5020, 0.06554035568327178
9, 5101, 0.06365816316075437
9, 5067, 0.06362100730870068
9, 5077, 0.06307647891631732
9, 5081, 0.06249540879562751
9, 5166, 0.059324283525846434
9, 5475, 0.057524836337822155
9, 5169, 0.05526226556765398
9, 5072, 0.053936459188321774
9, 5099, 0.052173179500278964
9, 5080, 0.051982675342833636
9, 5068, 0.04982533482174483
9, 5369, 0.04762630443794484
9, 5684, 0.047526323130477166
9, 5514, 0.04668708873625533
9, 5074, 0.04515156927301433
9, 5111, 0.04251270720849794
9, 5087, 0.04218836649043878
9, 6044, 0.04107866862221264
9, 5350, 0.040849865206900586
9, 6181, 0.04011830278458797
9, 5076, 0.03963270049906824
9, 5218, 0.03951984579294703
9, 5095, 0.0391884136327715
9, 5127, 0.03643879621649482
9, 5094, 0.035924810612101156
9, 5100, 0.035738000080570646
9, 5125, 0.03477732716271238
9, 5084, 0.033877734399506476
9, 5165, 0.0338040804434456
9, 5884, 0.03357114325214087
9, 5888, 0.03289650894451369
9, 5114, 0.03287482376627209
9, 5439, 0.03268285438776751
9, 5126, 0.03168071830456859
9, 5088, 0.03131781713887849
9, 5117, 0.031192200035631584
9, 5115, 0.030663732261245403
9, 5102, 0.03050977889806976
9, 5089, 0.03028744681042257
9, 5538, 0.02912924107810479
9, 5485, 0.029023005201446607
9, 5123, 0.028836815623466287
9, 5108, 0.028068844664656638
9, 5110, 0.027248796767448614
9, 6072, 0.02705263464845949
9, 5489, 0.0266920562854841
9, 5129, 0.0266449067871472
9, 5112, 0.026375410864414778
9, 5096, 0.02578915377934478
9, 6105, 0.025656024106014703
9, 5507, 0.02546183978084032
9, 5266, 0.025370175146854353
9, 5098, 0.025091062345536437
9, 5130, 0.024222971383435016
9, 5116, 0.02417587402605941
9, 6237, 0.02381329579227665
9, 5222, 0.023143960925994456
9, 5200, 0.023136714591602728
9, 5211, 0.023098273418144025
9, 5105, 0.022874647997196195
9, 5119, 0.022785896969106777
9, 5630, 0.022655778405270447
9, 5201, 0.022604948155756605
9, 5168, 0.02228368640515344
9, 6441, 0.02221860028869855
9, 5141, 0.022170453779685153
9, 5139, 0.021537636520362245
9, 5153, 0.020726795409213305
9, 6484, 0.020688565608499975
9, 5638, 0.020662388449461482
9, 5156, 0.020621656849531284
9, 6492, 0.02026744563439574
9, 5245, 0.019368408859808187
9, 5227, 0.019259984131682395
9, 5644, 0.01889742199668026
9, 5134, 0.01867292358925125
9, 5172, 0.01829753112484654
9, 5300, 0.018155978453228392
9, 5220, 0.018107474048847574
9, 5174, 0.01795959495571047
9, 6673, 0.01788760906560267
9, 5175, 0.017634230524493418
9, 5290, 0.017385700570835046
9, 5188, 0.01732073331398926
9, 8184, 0.01729205108254213
9, 6729, 0.01726735005776192
9, 5297, 0.017008247029238883
9, 5219, 0.0167267810690963
9, 5464, 0.016499144106220234
9, 7348, 0.01646036059059687
9, 5288, 0.01638549498963874
9, 5871, 0.0163580999167568
9, 5900, 0.01618886062909263
9, 5221, 0.015697362573520644
9, 5232, 0.0156687088306824
9, 6921, 0.015641096296346805
9, 5813, 0.015604826744732236
9, 5310, 0.015498874386393217
9, 5394, 0.015450911844752509
9, 5235, 0.015421074018132525
9, 5140, 0.015349838394788772
9, 5338, 0.01519103314460755
9, 5239, 0.015181320981888442
9, 5379, 0.015040889947409344
9, 5291, 0.01489023431244606
9, 5145, 0.014774053674338821
9, 5254, 0.014663541283616795
9, 5329, 0.014574342732352209
9, 5146, 0.014546516902228553
9, 5890, 0.014373814721385617
9, 5274, 0.01436328855881661
9, 5492, 0.014325786139143915
9, 8514, 0.014150591062846215
9, 5275, 0.014062091453622938
9, 5283, 0.013997749819899883
9, 7060, 0.013915783604372903
9, 5280, 0.013862434409180703
9, 5370, 0.01373716509469693


10, 5008, 1.0
10, 5053, 0.8785724822638377
10, 5014, 0.8295661243800695
10, 5175, 0.5336368833830232
10, 5021, 0.5
10, 5036, 0.33333333333333337
10, 5031, 0.33333333333333326
10, 5489, 0.28232752144180845
10, 5032, 0.25
10, 5187, 0.19999999999999998
10, 5063, 0.1759491579897864
10, 5244, 0.1747102970633332
10, 5055, 0.17041811257351214
10, 5238, 0.16666666666666669
10, 5243, 0.16309727107904098
10, 5245, 0.14855425564211938
10, 5061, 0.14537249574252914
10, 5089, 0.1352640764717953
10, 5180, 0.12260030630379316
10, 5610, 0.11338939711096818
10, 5413, 0.11203949996723107
10, 5716, 0.11196109388926374
10, 5296, 0.11111111111111113
10, 5257, 0.10934357925461782
10, 5087, 0.1062705315572949
10, 5331, 0.1
10, 5354, 0.09043780552882474
10, 5129, 0.090210613145597
10, 5394, 0.08390265659946473
10, 5096, 0.08376997782923004
10, 5099, 0.07720845136257133
10, 5404, 0.07718935991581179
10, 5367, 0.07692307692307693
10, 5101, 0.0716108848219855
10, 5478, 0.0714979873359335
10, 5397, 0.07142857142857142
10, 5239, 0.07056491247420117
10, 5119, 0.06736205335495649
10, 5109, 0.06677752699298344
10, 5720, 0.0665913830042588
10, 6039, 0.0654909631149962
10, 6671, 0.06311285667286994
10, 5125, 0.06307648023768861
10, 5112, 0.0625606559721596
10, 8362, 0.061392177283837585
10, 5485, 0.061189511636360425
10, 5114, 0.058848570614749025
10, 6375, 0.05879912657840428
10, 5491, 0.05766054455759933
10, 5118, 0.05555518041817184
10, 5493, 0.0545165008518035
10, 6998, 0.053665591271279095
10, 5131, 0.05342572243914601
10, 5533, 0.05169764953724279
10, 6168, 0.05056423435162364
10, 6387, 0.049676628151166656
10, 5535, 0.04915601196827163
10, 6049, 0.04904470008630067
10, 5944, 0.0485654545905688
10, 5536, 0.04685260657772397
10, 5948, 0.046212919903606285
10, 5588, 0.04475543413270773
10, 7181, 0.0443181616602427
10, 5360, 0.043380044900085006
10, 5717, 0.04283798124072686
10, 5445, 0.042833275703397865
10, 5718, 0.04107809295759445
10, 5168, 0.03970632331291825
10, 5146, 0.03941539342467713
10, 6533, 0.03909046021605655
10, 6727, 0.03840443441110673
10, 5147, 0.03789595423164859
10, 6327, 0.03739673039584222
10, 6185, 0.03734855317221948
10, 6247, 0.0372867082678442
10, 5776, 0.03714576158406842
10, 6828, 0.03697643524702978
10, 6632, 0.03687013892416159
10, 5153, 0.03649100363924977
10, 7499, 0.03606495096157167
10, 5825, 0.0358146229544975
10, 5158, 0.03518790590003348
10, 5936, 0.03457563620908938
10, 6892, 0.03430009548828375
10, 6254, 0.034127896830217
10, 5160, 0.03397583949281704
10, 5940, 0.03341954775279459
10, 5228, 0.03304990395163451
10, 6345, 0.03295815751692833
10, 5166, 0.032845479660382634
10, 7180, 0.03255850388129995
10, 5941, 0.03233830336581948
10, 5167, 0.03178874590388429
10, 5226, 0.030139431436978597
10, 5730, 0.029922604304340926
10, 6446, 0.02968050135122741
10, 5179, 0.029604779573988684
10, 6045, 0.029477362528319936
10, 7346, 0.0288063994766429
10, 6166, 0.028633023655032657
10, 5189, 0.027932704654467608
10, 6167, 0.02783572373756159
10, 6458, 0.027827093206067872
10, 8127, 0.027801560461470993
10, 5190, 0.02716621607739346
10, 6529, 0.027009283038211943
10, 6993, 0.02676835546495459
10, 8535, 0.02655540756377197
10, 5197, 0.026441044965241252
10, 8628, 0.025778887878991925
10, 5211, 0.02575391069679687
10, 5219, 0.025101873612548804
10, 5289, 0.024846831986226937
10, 6608, 0.024779390745677518
10, 6336, 0.02469172168833836
10, 5221, 0.02448229153980857
10, 6878, 0.02439744674409493
10, 5291, 0.024239308779399407
10, 6343, 0.024096328611546446
10, 5224, 0.023892782844925006
10, 6989, 0.02379468118753445
10, 5330, 0.02323487332719312
10, 7306, 0.022807167814743314
10, 5417, 0.022469446511018988
10, 7565, 0.022467771719212905
10, 6526, 0.02230380677759464
10, 8022, 0.022140609139982267
10, 5314, 0.02204362556751206
10, 6527, 0.021816793393681543
10, 8044, 0.0216586462842634
10, 6528, 0.02135061047354439
10, 8520, 0.021345906974958136
10, 5246, 0.02127004716285952
10, 8840, 0.021210260560147565
10, 5248, 0.0208230705382832
10, 7302, 0.020514275855586277
10, 5254, 0.020394649707647126
10, 6532, 0.02033728356007123
10, 5255, 0.019983643671611193
10, 6600, 0.019931525451666956
10, 5271, 0.019589003773836444
10, 7009, 0.01946363449446777
10, 5373, 0.019446610369414155
10, 7418, 0.018744504925268902
10, 6725, 0.018689600533314192
10, 7051, 0.01838648614115051
10, 7498, 0.018383192602679187
10, 5505, 0.018371007302171456
10, 5294, 0.018287201565621358
10, 5402, 0.01800810442797294


