1,2471,9.9754
1,2334,9.6727
1,935,9.5616
1,2,9.2850
1,1032,9.2305
1,2704,9.1206
1,2169,8.9784
1,2388,8.7916
1,1502,8.7545
1,2691,8.6626
1,2344,8.5462
1,2399,8.5030
1,2450,8.4556
1,957,8.3715
1,2390,8.2449
1,2468,8.1471
1,2310,8.1086
1,2172,8.1064
1,1468,8.0998
1,89,8.0703
1,959,7.9317
1,2674,7.9005
1,2700,7.8914
1,18,7.8012
1,940,7.7985
1,2675,7.7694
1,2173,7.7694
1,2331,7.5902
1,2372,7.4776
1,2551,7.3565
1,2470,7.1094
1,32,7.1001
1,1461,7.0620
1,2376,6.9742
1,2685,6.6528
1,2672,6.6250
1,2550,6.6033
1,901,6.5079
1,912,6.4546
1,670,6.4546
1,434,6.4546
1,5,6.4546
1,2708,6.3365
1,1520,6.2634
1,2295,6.1665
1,2386,6.1295
1,2728,6.0526
1,2431,6.0526
1,2687,6.0176
1,1003,6.0176
1,2469,5.9313
1,1464,5.9313
1,1441,5.9313
1,1031,5.9313
1,33,5.8779
1,454,5.8495
1,919,5.8380
1,2393,5.7738
1,1041,5.7628
1,88,5.7464
1,2382,5.6520
1,2332,5.6323
1,1024,5.6150
1,2311,5.5787
1,973,5.5783
1,745,5.5483
1,1469,5.5023
1,2692,5.4946
1,1448,5.4836
1,1620,5.4747
1,1399,5.4747
1,1607,5.4549
1,1,5.4549
1,1933,5.4076
1,1177,5.3978
1,871,5.3978
1,2532,5.3880
1,2516,5.3880
1,2373,5.3880
1,2383,5.3827
1,2737,5.3262
1,2038,5.3262
1,82,5.2664
1,1681,5.2422
1,1044,5.2422
1,740,5.2422
1,2727,5.2306
1,2200,5.2231
1,58,5.2231
1,11,5.1930
1,2395,5.1664
1,2091,5.1664
1,848,5.1664
1,961,5.1555
1,1102,5.1287
1,933,5.1287
1,1248,5.1089
1,2369,5.0917
1,1692,5.0917
1,1474,5.0917
1,1002,5.0917
1,1541,4.9709
1,2464,4.9602
1,2454,4.9602
1,1456,4.9602
1,1450,4.9602
1,923,4.9602
1,2422,4.8869
1,1821,4.8869
1,1452,4.8869
1,925,4.8869
1,1017,4.8476
1,2564,4.8028
1,2421,4.8028
1,934,4.8028
1,456,4.8028
1,1457,4.8002
1,1398,4.8002
1,1225,4.8002
1,2686,4.7430
1,1508,4.7430
1,2592,4.5856
1,2496,4.5856
1,2083,4.5856
1,1001,4.5856
1,944,4.5856
1,2694,4.5683
1,1465,4.5683
1,833,4.5683
1,28,4.5683
1,2432,4.4369
1,1536,4.4369
1,1030,4.4369
1,630,4.4369
1,55,4.4369
1,15,4.4369
1,12,4.4369
1,2533,4.3907
1,2601,4.3635
1,2547,4.3635
1,2403,4.3635
1,2210,4.3635
1,2187,4.3635
1,1097,4.3635
1,868,4.3635
1,700,4.3635
1,683,4.3635
1,612,4.3635
1,445,4.3635
1,305,4.3635
2,2595,12.5283
2,2245,11.4742
2,2246,10.8981
2,2625,10.8043
2,2433,10.6910
2,2708,10.3911
2,2588,10.3871
2,2334,10.3373
2,2338,10.2031
2,2320,10.1455
2,2237,10.1250
2,2217,10.0896
2,247,10.0340
2,2731,9.8401
2,646,9.7065
2,2227,9.6222
2,291,9.5847
2,2732,9.5710
2,2309,9.4753
2,2316,9.4161
2,2223,9.3037
2,2696,9.2531
2,2623,9.1930
2,1441,8.9724
2,2528,8.9711
2,2519,8.9711
2,2310,8.9681
2,2703,8.9368
2,2704,8.9298
2,155,8.9124
2,2191,8.8159
2,97,8.8012
2,2728,8.7794
2,2431,8.7794
2,2235,8.7435
2,2273,8.7251
2,2348,8.7235
2,2258,8.6861
2,2593,8.6760
2,2670,8.6398
2,557,8.6357
2,183,8.5992
2,2556,8.5909
2,2604,8.5319
2,2606,8.5015
2,2672,8.4657
2,2313,8.4163
2,739,8.4014
2,2209,8.4007
2,2421,8.3821
2,24,8.3773
2,2707,8.3555
2,1487,8.3205
2,2396,8.2880
2,2382,8.2820
2,2475,8.2804
2,2242,8.2625
2,2068,8.2540
2,1819,8.2540
2,2569,8.2485
2,2323,8.2204
2,2671,8.2050
2,1775,8.2049
2,670,8.2049
2,2372,8.2008
2,2395,8.1684
2,2467,8.1621
2,2390,8.1605
2,2539,8.1503
2,2733,8.1233
2,490,8.1203
2,434,8.1203
2,2425,8.1075
2,2411,8.0905
2,84,8.0837
2,2507,8.0692
2,65,8.0621
2,1600,8.0576
2,2450,8.0391
2,2721,8.0328
2,2561,8.0174
2,2329,8.0174
2,2288,8.0174
2,2272,8.0174
2,2232,8.0174
2,2179,8.0174
2,2702,8.0147
2,2660,8.0100
2,2360,8.0100
2,2218,8.0100
2,2181,8.0100
2,2649,8.0046
2,2651,7.9842
2,2048,7.9620
2,1780,7.9620
2,566,7.9620
2,2626,7.9482
2,1346,7.9479
2,612,7.9479
2,2330,7.9288
2,2388,7.8979
2,2531,7.8972
2,2594,7.8811
2,2540,7.8486
2,2452,7.8051
2,1194,7.8051
2,2645,7.7833
2,2291,7.7553
2,2711,7.7330
2,1032,7.7290
2,2169,7.7081
2,2120,7.7050
2,1825,7.7050
2,1546,7.7050
2,1485,7.7050
2,83,7.7050
2,2328,7.6930
2,2180,7.6921
2,2413,7.6894
2,2172,7.6829
2,673,7.6809
2,2219,7.6771
2,2480,7.6731
2,2241,7.6491
2,2182,7.6491
2,2529,7.6040
2,2515,7.6040
2,2501,7.5993
2,57,7.5915
2,2240,7.5820
2,2464,7.5792
2,2454,7.5792
2,2293,7.5700
2,2426,7.5589
2,2488,7.5566
2,94,7.5466
2,174,7.5422
2,2429,7.5357
2,1127,7.5085
2,359,7.5085
2,290,7.5085
2,2449,7.5031
2,2397,7.5008
2,2275,7.4910
2,2270,7.4864
2,2500,7.4743
2,2331,7.4588
2,2366,7.4418
2,2692,7.4342
2,2192,7.4234
3,2625,11.3250
3,2626,10.2567
3,2735,9.9502
3,2458,9.8890
3,2345,9.8297
3,2366,9.2688
3,2507,9.2304
3,2667,9.0392
3,2175,8.8113
3,2417,8.6580
3,2486,8.5620
3,2341,8.5613
3,2632,8.5400
3,2330,8.4532
3,2595,8.4173
3,2679,8.2995
3,2675,8.2703
3,2627,8.2703
3,2599,8.2164
3,2674,8.1335
3,2256,8.0853
3,2227,8.0291
3,2172,8.0246
3,2608,7.8819
3,2365,7.8819
3,2192,7.8093
3,2336,7.7113
3,2173,7.6492
3,2320,7.5800
3,2666,7.5183
3,2479,7.4962
3,2475,7.4059
3,2177,7.3782
3,2524,7.3477
3,2514,7.3477
3,2586,7.2636
3,2472,7.2636
3,2488,7.2471
3,2668,7.2297
3,2174,7.2179
3,2246,7.1817
3,2539,7.1198
3,2313,7.0718
3,2340,7.0028
3,2461,6.9910
3,2273,6.9586
3,2200,6.9586
3,2348,6.9526
3,2696,6.9420
3,2321,6.9306
3,2637,6.9127
3,2588,6.8710
3,2455,6.8672
3,2631,6.8149
3,2593,6.8108
3,2328,6.7733
3,2569,6.7703
3,2316,6.7409
3,2577,6.7363
3,2255,6.7363
3,2635,6.7258
3,2283,6.7258
3,2253,6.7232
3,2344,6.7142
3,2725,6.6663
3,2241,6.6663
3,2182,6.6663
3,2556,6.6437
3,2240,6.6274
3,2279,6.6241
3,2692,6.6239
3,2701,6.6054
3,2623,6.6042
3,2624,6.5878
3,2547,6.5878
3,2633,6.5670
3,2339,6.5657
3,2278,6.5621
3,2726,6.5050
3,2290,6.4779
3,2285,6.4615
3,2338,6.4448
3,2604,6.4372
3,2180,6.3904
3,2649,6.3702
3,2549,6.3622
3,2563,6.3226
3,2327,6.3226
3,2412,6.3168
3,2467,6.2826
3,2258,6.2826
3,2462,6.2784
3,2502,6.2640
3,2724,6.2548
3,2732,6.2476
3,2476,6.2476
3,2728,6.2091
3,2431,6.2091
3,2492,6.2078
3,2587,6.1870
3,2372,6.1870
3,2367,6.1870
3,2235,6.1870
3,2429,6.1833
3,2703,6.1729
3,2421,6.1729
3,2652,6.1637
3,2508,6.1637
3,2453,6.1417
3,2480,6.1283
3,2561,6.0957
3,2329,6.0957
3,2308,6.0957
3,2288,6.0957
3,2272,6.0957
3,2232,6.0957
3,2179,6.0957
3,2481,6.0889
3,2693,6.0736
3,2237,6.0736
3,2230,6.0736
3,2169,6.0736
3,2606,6.0723
3,2242,6.0687
3,2203,6.0466
3,2501,6.0282
3,2396,6.0282
3,2564,6.0210
3,2505,5.9939
3,2317,5.9719
3,2573,5.9590
3,2682,5.9460
3,2603,5.9460
3,2634,5.9369
3,2592,5.9369
3,2568,5.9369
3,2282,5.9369
3,2711,5.9331
3,2610,5.9331
3,2506,5.9331
3,2326,5.9331
3,2296,5.9331
3,2234,5.9331
3,2397,5.9163
3,2245,5.9163
3,2650,5.8843
3,2315,5.8843
3,2562,5.8622
3,2544,5.8622
3,2500,5.8622
4,881,8.0835
4,2549,6.2174
4,534,6.1130
4,2572,5.7887
4,861,5.6117
4,2452,5.5727
4,2429,5.5683
4,2209,5.3993
4,2591,5.2656
4,2671,5.2577
4,899,5.1909
4,858,5.1909
4,2303,5.1814
4,2727,5.0947
4,1157,5.0947
4,1755,5.0867
4,109,5.0867
4,2453,4.9984
4,1705,4.9984
4,2530,4.8803
4,2520,4.8803
4,1677,4.8803
4,1144,4.8803
4,886,4.8803
4,560,4.8803
4,2651,4.8743
4,2458,4.8743
4,2293,4.8743
4,1447,4.8743
4,1253,4.8743
4,2737,4.8708
4,2609,4.8708
4,2589,4.8708
4,2492,4.8708
4,2187,4.8708
4,2736,4.7407
4,2093,4.7407
4,2055,4.7407
4,1665,4.7407
4,1640,4.7407
4,2383,4.7267
4,2670,4.5697
4,2388,4.5697
4,1763,4.5697
4,1273,4.5697
4,650,4.5697
4,408,4.5697
4,2662,4.5637
4,2621,4.5637
4,2475,4.5637
4,2381,4.5637
4,2359,4.5637
4,2275,4.5637
4,2193,4.5637
4,1089,4.5637
4,397,4.5637
4,2595,4.5577
4,2539,4.5577
4,2660,4.3494
4,2592,4.3494
4,2576,4.3494
4,2552,4.3494
4,2360,4.3494
4,2218,4.3494
4,2181,4.3494
4,1925,4.3494
4,1707,4.3494
4,996,4.3494
4,796,4.3494
4,406,4.3494
4,1131,4.3491
4,813,4.3491
4,2726,4.3398
4,2669,4.3398
4,2599,4.3398
4,2587,4.3398
4,2580,4.3398
4,2556,4.3398
4,2389,4.3398
4,2382,4.3398
4,2318,4.3398
4,2292,4.3398
4,2259,4.3398
4,2253,4.3398
4,2684,4.0388
4,2540,4.0388
4,2507,4.0388
4,2434,4.0388
4,2416,4.0388
4,2398,4.0388
4,2368,4.0388
4,2344,4.0388
4,2291,4.0388
4,1713,4.0388
4,1471,4.0388
4,1307,4.0388
4,1289,4.0388
4,1232,4.0388
4,1151,4.0388
4,921,4.0388
4,914,4.0388
4,590,4.0388
4,2719,4.0327
4,2687,4.0327
4,2672,4.0327
4,2635,4.0327
4,2625,4.0327
4,2554,4.0327
4,2502,4.0327
4,2447,4.0327
4,2390,4.0327
4,2330,4.0327
4,2316,4.0327
4,2300,4.0327
4,2056,4.0327
4,1873,4.0327
4,1583,4.0327
4,1164,4.0327
4,920,4.0327
4,373,4.0327
4,814,3.7287
4,569,3.6008
4,499,3.6008
4,2223,3.5278
4,965,3.5278
4,2708,3.5078
4,2667,3.5078
4,2650,3.5078
4,2646,3.5078
4,2641,3.5078
4,2608,3.5078
4,2604,3.5078
4,2569,3.5078
4,2537,3.5078
4,2509,3.5078
4,2396,3.5078
4,2387,3.5078
4,2380,3.5078
4,2365,3.5078
4,2334,3.5078
4,2282,3.5078
4,2248,3.5078
4,2239,3.5078
4,2235,3.5078
4,2227,3.5078
4,1750,3.5078
4,1600,3.5078
4,1591,3.5078
4,1589,3.5078
4,1542,3.5078
5,2423,10.1960
5,2572,9.4156
5,2387,9.2251
5,2330,9.0282
5,2253,8.5646
5,2704,8.4428
5,2390,8.3372
5,2589,8.2992
5,2332,8.0455
5,2708,7.7559
5,2599,7.7559
5,1018,7.6918
5,2467,7.6313
5,2481,7.3500
5,2667,7.3119
5,2691,7.2515
5,2498,7.2188
5,2367,7.2188
5,2657,7.0386
5,2331,6.9895
5,2696,6.9281
5,2573,6.9281
5,2309,6.9281
5,2687,6.8531
5,305,6.8508
5,246,6.8455
5,2376,6.7974
5,2458,6.7585
5,2173,6.7377
5,2476,6.5901
5,2730,6.5113
5,2187,6.4731
5,2486,6.4312
5,2432,6.4312
5,2429,6.4312
5,2300,6.4312
5,2287,6.4312
5,1775,6.3534
5,2217,6.3002
5,2587,6.2522
5,2737,6.2483
5,1014,6.2407
5,2685,6.1895
5,1002,6.1895
5,2313,6.1563
5,630,6.1405
5,2451,6.1090
5,2660,6.0964
5,2360,6.0964
5,2218,6.0964
5,2181,6.0964
5,2567,6.0231
5,2689,6.0018
5,2220,5.9828
5,2364,5.9762
5,2225,5.9762
5,2421,5.9152
5,2209,5.9038
5,2545,5.8631
5,1747,5.8564
5,1030,5.8564
5,2186,5.8397
5,1457,5.8313
5,842,5.8313
5,687,5.8313
5,546,5.8313
5,2642,5.8228
5,2372,5.7553
5,2302,5.7553
5,304,5.7411
5,2636,5.7349
5,2224,5.7349
5,2692,5.6595
5,2464,5.6568
5,2454,5.6568
5,2244,5.6474
5,2412,5.6435
5,935,5.6435
5,797,5.6435
5,2377,5.6166
5,2729,5.5490
5,2389,5.5490
5,2258,5.5490
5,947,5.5441
5,2405,5.5266
5,2416,5.4986
5,2676,5.4183
5,2398,5.4183
5,1312,5.3856
5,2447,5.3662
5,2311,5.3662
5,2591,5.3105
5,2631,5.2853
5,2392,5.2583
5,2386,5.2583
5,2277,5.2583
5,2188,5.2583
5,2240,5.2349
5,2678,5.2256
5,2641,5.2256
5,2560,5.2256
5,2541,5.2256
5,2196,5.2256
5,2697,5.2098
5,2594,5.2098
5,938,5.1947
5,920,5.1947
5,405,5.1947
5,21,5.1947
5,2724,5.1505
5,2563,5.1505
5,2462,5.1505
5,2259,5.1505
5,2469,5.1152
5,2686,5.0639
5,2495,5.0548
5,2283,5.0548
5,2242,5.0548
5,2205,5.0548
5,2732,5.0521
5,2731,5.0521
5,2426,5.0521
5,2210,5.0521
5,258,5.0521
5,2710,5.0296
5,2609,5.0296
5,2595,5.0296
5,2575,5.0296
5,2483,5.0194
5,2435,5.0194
5,1740,5.0194
5,675,5.0057
5,294,4.9513
5,2672,4.9443
5,2507,4.9443
5,2466,4.9443
5,2403,4.9443
5,2245,4.9443
5,2666,4.8692
5,412,4.8413
5,2588,4.8135
5,2577,4.8135
5,2345,4.8135
5,2323,4.8135
5,2211,4.8135
5,2171,4.8135
5,2681,4.7884
5,2617,4.7884
5,2443,4.7884
5,2195,4.7884
6,679,9.3539
6,1943,7.8357
6,1262,7.8357
6,737,7.8357
6,1932,7.2132
6,611,7.1912
6,1446,6.5710
6,2289,6.5370
6,1759,6.5370
6,2163,5.9789
6,405,5.9691
6,2464,5.6632
6,2454,5.6632
6,1196,5.6632
6,372,5.6305
6,2069,5.6019
6,1897,5.6019
6,1515,5.6019
6,749,5.6019
6,743,5.6019
6,160,5.6019
6,1024,5.3957
6,704,5.0687
6,2046,5.0506
6,1994,5.0506
6,1967,5.0506
6,1930,5.0506
6,1848,5.0506
6,1572,5.0506
6,1529,5.0506
6,1465,5.0506
6,1391,5.0506
6,1384,5.0506
6,1148,5.0506
6,766,5.0506
6,587,5.0506
6,425,5.0506
6,341,5.0506
6,227,5.0506
6,1691,5.0474
6,491,5.0474
6,2463,5.0468
6,1799,5.0188
6,1570,5.0188
6,739,5.0188
6,685,5.0188
6,915,4.9575
6,654,4.9543
6,920,4.9477
6,818,4.9477
6,2336,4.3963
6,2124,4.3963
6,2062,4.3963
6,1999,4.3963
6,1852,4.3963
6,1761,4.3963
6,1349,4.3963
6,946,4.3963
6,480,4.3963
6,196,4.3963
6,15,4.3963
6,2586,4.3744
6,2472,4.3744
6,2330,4.3744
6,2104,4.3744
6,371,4.3744
6,278,4.3744
6,2561,4.3033
6,2388,4.3033
6,2329,4.3033
6,2288,4.3033
6,2272,4.3033
6,2232,4.3033
6,2179,4.3033
6,1903,4.3033
6,1757,4.3033
6,1726,4.3033
6,1358,4.3033
6,1265,4.3033
6,1061,4.3033
6,991,4.3033
6,769,4.3033
6,680,4.3033
6,472,4.3033
6,1755,4.0739
6,1689,3.7950
6,2056,3.6743
6,569,3.6648
6,2488,3.4647
6,2413,3.4647
6,1957,3.2994
6,1589,3.2994
6,2523,3.1945
6,2517,3.1945
6,1336,3.1945
6,775,3.1945
6,122,3.1945
6,1339,3.1620
6,887,3.1620
6,790,3.1620
6,666,3.1620
6,332,3.1620
6,2548,2.9061
6,2501,2.9061
6,2418,2.9061
6,2406,2.9061
6,2349,2.9061
6,2210,2.9061
6,2154,2.9061
6,2016,2.9061
6,1984,2.9061
6,1972,2.9061
6,1837,2.9061
6,1717,2.9061
6,1355,2.9061
6,1176,2.9061
6,1089,2.9061
6,532,2.9061
6,468,2.9061
6,346,2.9061
6,272,2.9061
6,2081,2.8169
6,2008,2.8169
6,1975,2.8169
6,1739,2.8169
6,1643,2.8169
6,1450,2.8169
6,1237,2.8169
6,1075,2.8169
6,962,2.8169
6,782,2.8169
6,710,2.8169
6,369,2.8169
6,318,2.8169
6,209,2.8169
6,2711,2.8137
6,2660,2.8137
6,2631,2.8137
6,2417,2.8137
6,2360,2.8137
6,2256,2.8137
6,2218,2.8137
6,2183,2.8137
6,2181,2.8137
6,2134,2.8137
6,2047,2.8137
6,1753,2.8137
6,1741,2.8137
6,1740,2.8137
6,1673,2.8137
7,2572,11.9580
7,2313,11.6164
7,2213,11.1694
7,2397,10.2749
7,2476,9.9322
7,2710,9.8455
7,2317,9.7153
7,2380,9.3937
7,1170,9.1503
7,2318,9.0797
7,2573,8.7088
7,2614,8.5666
7,2195,8.5666
7,2338,8.5152
7,2196,8.0439
7,2398,7.9542
7,2347,7.9542
7,2477,7.9123
7,2217,7.5676
7,2330,7.3857
7,1669,7.3179
7,1395,7.2310
7,2446,7.2295
7,2230,7.1412
7,2379,7.0629
7,2366,7.0478
7,1171,6.9952
7,1166,6.9065
7,1636,6.7291
7,1575,6.7214
7,2429,6.6890
7,2556,6.6789
7,2306,6.6771
7,2703,6.5975
7,2319,6.5474
7,165,6.4741
7,2599,6.4525
7,1126,6.4323
7,2467,6.4086
7,2682,6.4073
7,2618,6.3481
7,2610,6.3037
7,2506,6.3037
7,2296,6.3037
7,2234,6.3037
7,2595,6.1785
7,1681,6.1092
7,2468,6.0470
7,1688,6.0470
7,183,6.0470
7,2119,6.0180
7,1127,6.0180
7,2443,5.9958
7,1393,5.9737
7,2356,5.9069
7,946,5.9069
7,2587,5.8494
7,2417,5.8494
7,2372,5.8494
7,2355,5.8494
7,1174,5.8172
7,2615,5.8163
7,2212,5.7969
7,2205,5.7969
7,1734,5.7916
7,1018,5.7916
7,2645,5.7365
7,2632,5.6883
7,2219,5.6203
7,2716,5.6155
7,2672,5.6155
7,1197,5.4996
7,2507,5.4887
7,2315,5.4887
7,2250,5.4887
7,2270,5.4806
7,2593,5.4438
7,2631,5.4414
7,2728,5.3726
7,2431,5.3726
7,2425,5.3619
7,2481,5.3276
7,2662,5.3040
7,2621,5.3040
7,2359,5.3040
7,2202,5.3040
7,2193,5.3040
7,2598,5.2965
7,2352,5.2965
7,2713,5.2115
7,2606,5.2027
7,1726,5.1879
7,2650,5.1608
7,2466,5.1608
7,2419,5.1608
7,1331,5.1608
7,104,5.1503
7,2652,5.1199
7,2247,5.1199
7,2223,5.1199
7,2220,5.1199
7,2636,5.1151
7,2567,5.1151
7,2378,5.1151
7,2320,5.1151
7,1123,5.1138
7,623,5.1138
7,1049,5.0882
7,2702,5.0038
7,2667,5.0038
7,1683,5.0013
7,1617,5.0013
7,1265,4.9396
7,2594,4.8722
7,2527,4.8722
7,2513,4.8722
7,2502,4.8722
7,2663,4.8584
7,2542,4.8272
7,2413,4.8272
7,2363,4.8272
7,2266,4.8272
7,2224,4.8272
7,1684,4.7701
7,1574,4.7701
7,1200,4.7701
7,2649,4.7111
7,2576,4.7111
7,2187,4.7111
7,2147,4.7111
7,1693,4.7023
7,1555,4.7023
7,2351,4.6875
7,962,4.6734
7,879,4.5664
7,876,4.5664
7,2707,4.5034
7,2704,4.5034
7,2699,4.5034
7,2609,4.5034
7,2482,4.5034
7,2238,4.5034
7,2470,4.4993
7,2385,4.4993
7,956,4.4993
7,1398,4.4469
7,1159,4.4469
7,1561,4.3847
7,2708,4.3268
7,2635,4.3268
8,2464,9.0829
8,2454,9.0829
8,2389,8.2244
8,2496,8.0249
8,2099,8.0249
8,2549,7.7842
8,2675,7.5747
8,670,7.4588
8,657,6.4850
8,2468,6.4660
8,1049,6.4660
8,2332,6.3217
8,2691,6.2811
8,2577,6.2101
8,2344,6.1647
8,2208,6.1647
8,2423,6.1186
8,2331,6.1045
8,2209,6.1045
8,2728,6.1030
8,2431,6.1030
8,958,5.9427
8,2383,5.9147
8,427,5.9147
8,2509,5.9125
8,2550,5.9014
8,2253,5.7984
8,2692,5.5577
8,2382,5.5577
8,2328,5.5478
8,2687,5.4922
8,1003,5.4922
8,901,5.4922
8,2390,5.4781
8,2310,5.3892
8,2231,5.3353
8,2285,5.2884
8,1819,5.2750
8,644,5.2174
8,82,5.1720
8,1378,5.0771
8,2393,5.0719
8,2388,5.0343
8,2311,5.0343
8,2259,5.0343
8,1102,5.0343
8,15,5.0245
8,2563,4.9689
8,2470,4.9689
8,2422,4.9689
8,2258,4.9689
8,1821,4.9689
8,66,4.9689
8,1182,4.9086
8,1032,4.9086
8,2726,4.8659
8,2672,4.8659
8,2564,4.8659
8,2502,4.8659
8,2309,4.8659
8,2277,4.8659
8,2169,4.8659
8,2287,4.8435
8,2242,4.8435
8,2240,4.8306
8,2498,4.8120
8,2469,4.8120
8,2224,4.8120
8,2172,4.8120
8,959,4.8120
8,935,4.6914
8,2565,4.6487
8,2559,4.6487
8,2083,4.6487
8,1712,4.6487
8,1603,4.5012
8,722,4.5012
8,716,4.5012
8,2642,4.4456
8,2641,4.4456
8,2604,4.4456
8,2173,4.4456
8,2091,4.4456
8,1825,4.4456
8,1792,4.4456
8,866,4.4456
8,626,4.4456
8,2441,4.3853
8,2145,4.3853
8,1645,4.3853
8,1452,4.3853
8,1044,4.3853
8,1005,4.3853
8,977,4.3853
8,917,4.3853
8,567,4.3853
8,55,4.3853
8,2701,4.3425
8,2676,4.3425
8,2477,4.3425
8,2387,4.3425
8,2372,4.3425
8,2275,4.3425
8,1605,4.3425
8,1524,4.3425
8,1301,4.3425
8,908,4.3425
8,903,4.3425
8,250,4.3425
8,125,4.3425
8,88,4.3425
8,38,4.3425
8,34,4.3425
8,2458,4.2042
8,1776,4.2042
8,960,4.2042
8,2279,4.0371
8,2425,3.8620
8,2320,3.8620
8,2012,3.8620
8,1541,3.8620
8,1287,3.8620
8,1250,3.8620
8,1034,3.8620
8,1031,3.8620
8,973,3.8620
8,843,3.8620
8,836,3.8620
8,741,3.8620
8,691,3.8620
8,315,3.8620
8,85,3.8620
8,2731,3.8192
8,2721,3.8192
8,2694,3.8192
8,2689,3.8192
8,2670,3.8192
8,2635,3.8192
8,2632,3.8192
8,2568,3.8192
8,2566,3.8192
8,2561,3.8192
8,2512,3.8192
8,2409,3.8192
8,2399,3.8192
8,2343,3.8192
8,2329,3.8192
8,2288,3.8192
8,2272,3.8192
8,2232,3.8192
9,1837,11.4079
9,262,9.5415
9,2090,8.9595
9,1204,8.8807
9,2046,8.2930
9,1349,8.2808
9,724,8.2423
9,676,7.9983
9,656,7.8404
9,2062,7.7749
9,891,7.7749
9,2563,7.7305
9,2018,7.6665
9,1689,7.1065
9,1292,7.1065
9,892,7.1065
9,492,7.1065
9,322,7.1065
9,211,7.0668
9,946,7.0013
9,114,7.0013
9,2058,6.7872
9,2316,6.7471
9,2264,6.6922
9,937,6.6540
9,2269,6.5889
9,1287,6.5889
9,2002,6.3838
9,270,6.3405
9,2717,6.1703
9,2644,6.0027
9,1775,5.9266
9,1857,5.8804
9,1835,5.8804
9,272,5.8804
9,1926,5.8506
9,964,5.7109
9,348,5.7109
9,1810,5.6724
9,198,5.6724
9,2687,5.5631
9,2302,5.5561
9,2241,5.5497
9,2182,5.5497
9,2101,5.5243
9,2392,5.4347
9,2353,5.4347
9,2270,5.4347
9,2265,5.4347
9,2180,5.4347
9,1736,5.4347
9,194,5.4340
9,2132,5.2959
9,2716,5.2700
9,2244,5.2700
9,1005,5.1144
9,758,5.1144
9,489,5.1144
9,1384,5.1100
9,652,5.1100
9,1678,5.0846
9,136,5.0846
9,519,5.0775
9,2451,5.0248
9,2271,4.9322
9,1048,4.9322
9,2566,4.8667
9,2292,4.8667
9,2291,4.8667
9,2240,4.8667
9,1829,4.8667
9,1762,4.8667
9,35,4.8667
9,2113,4.8348
9,2139,4.8305
9,157,4.8305
9,110,4.7709
9,2729,4.7452
9,2711,4.7452
9,2587,4.7396
9,523,4.7396
9,518,4.7396
9,1898,4.5223
9,1286,4.5223
9,888,4.5223
9,413,4.5223
9,2103,4.4969
9,1300,4.4969
9,1279,4.4969
9,773,4.4969
9,412,4.4969
9,138,4.4969
9,107,4.4969
9,1113,4.4568
9,56,4.4314
9,473,4.4271
9,2724,4.4073
9,2501,4.4073
9,2450,4.4073
9,2325,4.4073
9,150,4.4073
9,141,4.4073
9,2556,4.3587
9,2151,4.2427
9,2134,4.2427
9,2017,4.2427
9,1896,4.2427
9,1886,4.2427
9,1824,4.2427
9,1814,4.2427
9,886,4.2427
9,2565,4.1772
9,2538,4.1772
9,2518,4.1772
9,2496,4.1772
9,2495,4.1772
9,2263,4.1772
9,2261,4.1772
9,2242,4.1772
9,2231,4.1772
9,1904,4.1772
9,1855,4.1772
9,1842,4.1772
9,1823,4.1772
9,1778,4.1772
9,1746,4.1772
9,1150,4.1772
9,115,4.1772
9,2737,3.8393
9,2589,3.8393
9,2575,3.8393
9,2549,3.8393
9,2547,3.8393
9,2546,3.8393
9,2492,3.8393
9,2385,3.8393
9,2341,3.8393
9,2311,3.8393
9,2111,3.8393
9,2096,3.8393
9,2028,3.8393
9,1783,3.8393
9,1711,3.8393
9,1538,3.8393
9,1456,3.8393
9,1376,3.8393
9,1049,3.8393
9,1037,3.8393
9,1030,3.8393
9,997,3.8393
10,2481,9.8108
10,2670,7.8894
10,2464,7.7421
10,2454,7.7421
10,2509,7.5755
10,2512,7.4500
10,2726,7.3981
10,2725,7.2288
10,2417,7.2288
10,2599,7.1714
10,2453,7.1356
10,2731,7.0991
10,2458,7.0522
10,2537,7.0202
10,2692,6.9878
10,2284,6.8689
10,2412,6.8474
10,2503,6.7355
10,402,6.6680
10,246,6.6680
10,2366,6.5588
10,2258,6.5472
10,2723,6.5108
10,2695,6.5108
10,2665,6.5108
10,2607,6.3786
10,2173,6.3540
10,2259,6.3077
10,2671,6.2243
10,2276,6.2243
10,2664,6.1846
10,2669,6.1489
10,2502,6.1199
10,2536,6.1085
10,1012,6.0376
10,2693,6.0175
10,2567,5.9441
10,2278,5.9025
10,2685,5.8877
10,2545,5.8877
10,142,5.8746
10,2507,5.8498
10,516,5.8249
10,2460,5.7928
10,2335,5.7629
10,2694,5.7289
10,2438,5.7289
10,2242,5.6679
10,2667,5.6631
10,2367,5.6631
10,2732,5.5881
10,2330,5.5881
10,2285,5.5881
10,2508,5.5042
10,2501,5.5042
10,2462,5.5042
10,2452,5.5042
10,2441,5.5042
10,2439,5.5042
10,2730,5.4092
10,2205,5.2995
10,2487,5.2355
10,2210,5.2355
10,2311,5.1697
10,2286,5.1697
10,2187,5.1697
10,1670,5.1621
10,460,5.1621
10,1922,5.0787
10,128,5.0787
10,2640,5.0290
10,457,5.0290
10,2632,5.0109
10,2420,5.0109
10,2550,4.8061
10,2437,4.8061
10,2386,4.8061
10,1049,4.8061
10,458,4.8061
10,2378,4.7762
10,2056,4.7762
10,27,4.7762
10,10,4.7762
10,2613,4.7421
10,2554,4.7421
10,407,4.7421
10,2733,4.5175
10,2645,4.5175
10,2488,4.5175
10,2382,4.5175
10,2260,4.5175
10,1914,4.4919
10,1805,4.4919
10,2422,4.2828
10,723,4.2828
10,570,4.2828
10,2595,4.2822
10,2475,4.2466
10,601,4.2356
10,2192,4.1896
10,2407,4.0523
10,2403,4.0523
10,2600,4.0241
10,2580,4.0241
10,797,4.0241
10,563,4.0241
10,467,4.0241
10,2625,3.9580
10,753,3.9053
10,107,3.9053
10,2586,3.8391
10,2472,3.8391
10,703,3.8212
10,2320,3.8060
10,2321,3.7713
10,2290,3.7347
10,2701,3.6963
10,2316,3.6963
10,2631,3.6556
10,2346,3.6556
10,2588,3.6124
10,2341,3.6124
10,2273,3.6124
10,2200,3.6124
10,2637,3.5665
10,2635,3.5665
10,2561,3.5665
10,2461,3.5665
10,2419,3.5665
10,2329,3.5665
10,2308,3.5665
10,2288,3.5665
10,2283,3.5665
10,2272,3.5665
10,2232,3.5665
10,2179,3.5665
10,2480,3.5232
10,428,3.5232
10,2459,3.5174
10,2448,3.5174
10,2213,3.5174
10,2203,3.5174
10,2712,3.4646
10,2626,3.4646
10,2593,3.4646
10,2505,3.4646
10,2492,3.4646
10,2486,3.4646
10,2345,3.4646
10,2253,3.4646
11,2330,7.3855
11,2423,6.2676
11,1755,6.2244
11,1262,5.8794
11,818,5.8794
11,1652,5.8761
11,1339,5.5404
11,1774,5.3172
11,1024,5.3125
11,887,5.3125
11,332,5.3125
11,2509,5.2416
11,2461,5.2416
11,2015,5.2416
11,1118,5.2416
11,1965,5.2350
11,2002,5.2317
11,2433,5.1763
11,1673,5.1763
11,1382,5.1763
11,696,5.1635
11,1473,4.9386
11,2705,4.9356
11,1378,4.9356
11,737,4.9356
11,2728,4.5289
11,2431,4.5289
11,2056,4.5289
11,1896,4.5289
11,1752,4.5289
11,1355,4.5289
11,362,4.5289
11,2036,4.5191
11,1903,4.5191
11,1342,4.5191
11,1182,4.5191
11,947,4.5191
11,679,4.5191
11,611,4.5191
11,559,4.5191
11,343,4.5191
11,320,4.5191
11,36,4.5191
11,2390,4.2912
11,1986,4.2912
11,1952,4.2912
11,1729,4.2912
11,1374,4.2912
11,680,4.2912
11,525,4.2912
11,407,4.2912
11,241,4.2912
11,2675,4.0215
11,2611,4.0215
11,1458,4.0215
11,1038,4.0215
11,422,4.0215
11,405,3.8064
11,671,3.6537
11,2708,3.5132
11,2719,3.4453
11,1549,3.4453
11,2464,3.4295
11,2454,3.4295
11,1196,3.4295
11,2713,3.1766
11,2229,3.1766
11,1170,3.1766
11,812,3.1766
11,465,3.1766
11,2163,3.1620
11,790,3.1620
11,666,3.1620
11,2449,3.0943
11,2185,3.0943
11,1743,3.0943
11,877,3.0943
11,399,3.0943
11,264,3.0943
11,93,3.0943
11,2501,3.0910
11,2252,3.0910
11,2223,3.0910
11,2041,3.0910
11,1772,3.0910
11,1766,3.0910
11,1544,3.0910
11,1450,3.0910
11,1380,3.0910
11,1108,3.0910
11,467,3.0910
11,426,3.0910
11,377,3.0910
11,2711,2.7979
11,2707,2.7979
11,2584,2.7979
11,2556,2.7979
11,2434,2.7979
11,2421,2.7979
11,2416,2.7979
11,2405,2.7979
11,2389,2.7979
11,2278,2.7979
11,2251,2.7979
11,2154,2.7979
11,2055,2.7979
11,2016,2.7979
11,1995,2.7979
11,1873,2.7979
11,1790,2.7979
11,1768,2.7979
11,1760,2.7979
11,1709,2.7979
11,1687,2.7979
11,1669,2.7979
11,1582,2.7979
11,1541,2.7979
11,1537,2.7979
11,1462,2.7979
11,1457,2.7979
11,989,2.7979
11,762,2.7979
11,524,2.7979
11,489,2.7979
11,87,2.7979
11,57,2.7979
11,17,2.7979
11,2077,2.7851
11,2069,2.7851
11,1943,2.7851
11,1897,2.7851
11,1823,2.7851
11,1799,2.7851
11,1570,2.7851
11,1543,2.7851
11,1515,2.7851
11,1191,2.7851
11,1045,2.7851
11,920,2.7851
11,907,2.7851
11,899,2.7851
11,868,2.7851
11,749,2.7851
11,743,2.7851
11,739,2.7851
11,685,2.7851
11,676,2.7851
11,602,2.7851
11,347,2.7851
11,302,2.7851
12,2036,7.9673
12,362,7.2803
12,221,7.2803
12,1743,6.9640
12,2708,5.7953
12,251,5.7867
12,399,5.7141
12,2275,5.3475
12,984,4.9981
12,559,4.9981
12,975,4.9019
12,2728,4.6605
12,2658,4.6605
12,2610,4.6605
12,2606,4.6605
12,2589,4.6605
12,2554,4.6605
12,2506,4.6605
12,2431,4.6605
12,2296,4.6605
12,2234,4.6605
12,691,4.6605
12,127,4.6605
12,2341,3.6561
12,502,3.6561
12,1975,3.4084
12,1900,3.4084
12,780,3.4084
12,278,3.4084
12,2464,3.3710
12,2454,3.3710
12,2426,3.3710
12,2449,3.0943
12,2330,3.0943
12,2185,3.0943
12,1965,3.0943
12,1262,3.0943
12,877,3.0943
12,818,3.0943
12,264,3.0943
12,93,3.0943
12,2656,2.9691
12,2625,2.9691
12,2578,2.9691
12,2544,2.9691
12,2531,2.9691
12,2203,2.9691
12,668,2.9691
12,558,2.9691
12,459,2.9691
12,405,2.9691
12,2242,2.6197
12,2160,2.6197
12,2155,2.6197
12,2128,2.6197
12,2124,2.6197
12,2092,2.6197
12,2090,2.6197
12,2089,2.6197
12,2083,2.6197
12,2079,2.6197
12,2073,2.6197
12,1985,2.6197
12,1908,2.6197
12,1892,2.6197
12,1875,2.6197
12,1865,2.6197
12,1853,2.6197
12,1848,2.6197
12,1847,2.6197
12,1784,2.6197
12,1770,2.6197
12,1760,2.6197
12,1742,2.6197
12,1733,2.6197
12,1731,2.6197
12,1642,2.6197
12,1610,2.6197
12,1603,2.6197
12,1458,2.6197
12,1412,2.6197
12,1385,2.6197
12,1374,2.6197
12,1302,2.6197
12,1290,2.6197
12,1283,2.6197
12,1247,2.6197
12,1165,2.6197
12,1162,2.6197
12,1059,2.6197
12,1020,2.6197
12,994,2.6197
12,939,2.6197
12,937,2.6197
12,936,2.6197
12,869,2.6197
12,724,2.6197
12,697,2.6197
12,649,2.6197
12,644,2.6197
12,567,2.6197
12,553,2.6197
12,539,2.6197
12,486,2.6197
12,465,2.6197
12,321,2.6197
12,318,2.6197
12,306,2.6197
12,242,2.6197
12,186,2.6197
12,160,2.6197
12,155,2.6197
12,2732,2.3784
12,2671,2.3784
12,2650,2.3784
12,2592,2.3784
12,2588,2.3784
12,2433,2.3784
12,2432,2.3784
12,2364,2.3784
12,2246,2.3784
12,2212,2.3784
12,2158,2.3784
12,2137,2.3784
12,2136,2.3784
12,2102,2.3784
12,2078,2.3784
12,2056,2.3784
12,2026,2.3784
12,1937,2.3784
12,1935,2.3784
12,1913,2.3784
12,1903,2.3784
12,1896,2.3784
12,1890,2.3784
12,1801,2.3784
12,1771,2.3784
12,1756,2.3784
12,1752,2.3784
12,1748,2.3784
12,1719,2.3784
12,1685,2.3784
12,1673,2.3784
12,1602,2.3784
12,1485,2.3784
12,1446,2.3784
12,1436,2.3784
12,1422,2.3784
12,1382,2.3784
12,1355,2.3784
13,488,9.6647
13,2707,2.9611
13,2704,2.9167
13,2539,2.9167
13,2672,2.8687
13,2147,2.8687
13,1048,2.8687
13,2528,2.8166
13,2519,2.8166
13,2728,2.7595
13,2649,2.7595
13,2431,2.7595
13,2372,2.6963
13,2702,2.6258
13,2645,2.6258
13,2338,2.6258
13,2223,2.6258
13,1056,2.6258
13,319,2.6258
13,2703,2.5457
13,2595,2.5457
13,2559,2.5457
13,2529,2.5457
13,2515,2.5457
13,2397,2.5457
13,2390,2.5457
13,2330,2.5457
13,2212,2.5457
13,2191,2.5457
13,513,2.5457
13,2708,2.4534
13,2604,2.4534
13,2599,2.4534
13,2561,2.4534
13,2527,2.4534
13,2513,2.4534
13,2382,2.4534
13,2348,2.4534
13,2331,2.4534
13,2329,2.4534
13,2288,2.4534
13,2272,2.4534
13,2232,2.4534
13,2200,2.4534
13,2179,2.4534
13,2028,2.4534
13,1061,2.4534
13,2711,2.3441
13,2698,2.3441
13,2652,2.3441
13,2651,2.3441
13,2589,2.3441
13,2569,2.3441
13,2553,2.3441
13,2543,2.3441
13,2540,2.3441
13,2533,2.3441
13,2512,2.3441
13,2499,2.3441
13,2474,2.3441
13,2465,2.3441
13,2440,2.3441
13,2411,2.3441
13,2403,2.3441
13,2396,2.3441
13,2388,2.3441
13,2350,2.3441
13,2337,2.3441
13,2333,2.3441
13,2287,2.3441
13,2284,2.3441
13,2283,2.3441
13,2275,2.3441
13,2273,2.3441
13,2215,2.3441
13,2192,2.3441
13,2165,2.3441
13,2130,2.3441
13,2068,2.3441
13,1996,2.3441
13,1819,2.3441
13,1599,2.3441
13,1541,2.3441
13,1241,2.3441
13,1075,2.3441
13,1052,2.3441
13,567,2.3441
13,464,2.3441
13,2721,2.2104
13,2710,2.2104
13,2705,2.2104
13,2671,2.2104
13,2670,2.2104
13,2660,2.2104
13,2650,2.2104
13,2626,2.2104
13,2623,2.2104
13,2622,2.2104
13,2572,2.2104
13,2542,2.2104
13,2531,2.2104
13,2525,2.2104
13,2522,2.2104
13,2507,2.2104
13,2501,2.2104
13,2467,2.2104
13,2464,2.2104
13,2454,2.2104
13,2450,2.2104
13,2425,2.2104
13,2422,2.2104
13,2376,2.2104
13,2360,2.2104
13,2313,2.2104
13,2274,2.2104
13,2258,2.2104
13,2245,2.2104
13,2220,2.2104
13,2218,2.2104
13,2217,2.2104
13,2209,2.2104
13,2190,2.2104
13,2181,2.2104
13,2169,2.2104
13,2137,2.2104
13,2107,2.2104
13,2106,2.2104
13,2105,2.2104
13,2053,2.2104
13,2047,2.2104
13,1928,2.2104
13,1863,2.2104
13,1813,2.2104
13,1649,2.2104
13,1642,2.2104
13,1587,2.2104
13,1562,2.2104
13,1229,2.2104
13,1205,2.2104
13,1095,2.2104
13,829,2.2104
13,788,2.2104
13,760,2.2104
13,728,2.2104
13,673,2.2104
13,654,2.2104
13,557,2.2104
13,490,2.2104
13,434,2.2104
13,392,2.2104
