1,912,0.9989
1,670,0.9989
1,434,0.9989
1,5,0.9989
1,2169,0.9983
1,2334,0.9980
1,2344,0.9978
1,1032,0.9978
1,2388,0.9966
1,1461,0.9966
1,2691,0.9965
1,2469,0.9959
1,1464,0.9959
1,1441,0.9959
1,1031,0.9959
1,2,0.9923
1,2700,0.9900
1,2470,0.9898
1,1468,0.9896
1,18,0.9875
1,2704,0.9870
1,2310,0.9855
1,957,0.9835
1,940,0.9828
1,935,0.9823
1,2390,0.9794
1,89,0.9756
1,1502,0.9733
1,2331,0.9716
1,959,0.9713
1,2450,0.9646
1,2468,0.9573
1,2471,0.9546
1,2399,0.9439
1,2675,0.9313
1,2173,0.9313
1,2172,0.9176
1,1024,0.8166
1,11,0.8166
1,2432,0.8165
1,1536,0.8165
1,1030,0.8165
1,630,0.8165
1,55,0.8165
1,15,0.8165
1,12,0.8165
1,2678,0.8161
1,2201,0.8161
1,1528,0.8161
1,1607,0.8161
1,1,0.8161
1,2295,0.8159
1,1177,0.8157
1,871,0.8157
1,2452,0.8154
1,2389,0.8154
1,2231,0.8154
1,2176,0.8154
1,1775,0.8154
1,1645,0.8154
1,1524,0.8154
1,1443,0.8154
1,939,0.8154
1,611,0.8154
1,448,0.8154
1,423,0.8154
1,2311,0.8152
1,2733,0.8145
1,2731,0.8145
1,2330,0.8145
1,2327,0.8145
1,1998,0.8145
1,1825,0.8145
1,1606,0.8145
1,1384,0.8145
1,1062,0.8145
1,1019,0.8145
1,1018,0.8145
1,847,0.8145
1,843,0.8145
1,832,0.8145
1,739,0.8145
1,70,0.8145
1,45,0.8145
1,2422,0.8144
1,1821,0.8144
1,1452,0.8144
1,925,0.8144
1,745,0.8144
1,2687,0.8144
1,1003,0.8144
1,2686,0.8139
1,1508,0.8139
1,32,0.8134
1,1457,0.8131
1,1398,0.8131
1,1225,0.8131
1,919,0.8125
1,2713,0.8117
1,2667,0.8117
1,2658,0.8117
1,2429,0.8117
1,2224,0.8117
1,1603,0.8117
1,1470,0.8117
1,1454,0.8117
1,1136,0.8117
1,1091,0.8117
1,1045,0.8117
1,936,0.8117
1,876,0.8117
1,626,0.8117
1,85,0.8117
1,2369,0.8116
1,1692,0.8116
1,1474,0.8116
1,1002,0.8116
1,2592,0.8109
1,2496,0.8109
1,2083,0.8109
1,1001,0.8109
1,944,0.8109
1,2464,0.8106
1,2454,0.8106
1,1456,0.8106
1,1450,0.8106
1,923,0.8106
1,1681,0.8091
1,1044,0.8091
1,740,0.8091
1,901,0.8083
1,2728,0.8074
1,2431,0.8074
1,1102,0.8074
1,933,0.8074
1,961,0.8069
1,2672,0.8065
1,2564,0.8064
1,2421,0.8064
1,934,0.8064
1,456,0.8064
1,2551,0.8064
1,2685,0.8060
1,1017,0.8054
1,1620,0.8046
1,1399,0.8046
1,82,0.8046
1,1520,0.8037
1,2674,0.8034
1,2383,0.8020
2,557,0.9975
2,2323,0.9947
2,1775,0.9945
2,670,0.9945
2,1346,0.9943
2,612,0.9943
2,24,0.9942
2,97,0.9935
2,490,0.9933
2,434,0.9933
2,2120,0.9932
2,1825,0.9932
2,1546,0.9932
2,1485,0.9932
2,83,0.9932
2,2048,0.9926
2,1780,0.9926
2,566,0.9926
2,2708,0.9920
2,2068,0.9918
2,1819,0.9918
2,2433,0.9902
2,291,0.9898
2,2245,0.9873
2,2309,0.9870
2,2151,0.9862
2,2010,0.9862
2,1936,0.9862
2,1923,0.9862
2,1799,0.9862
2,1594,0.9862
2,833,0.9862
2,783,0.9862
2,611,0.9862
2,467,0.9862
2,299,0.9862
2,38,0.9862
2,1127,0.9859
2,359,0.9859
2,290,0.9859
2,739,0.9854
2,673,0.9840
2,2371,0.9838
2,2145,0.9838
2,2114,0.9838
2,1549,0.9838
2,942,0.9838
2,875,0.9838
2,647,0.9838
2,626,0.9838
2,173,0.9838
2,134,0.9838
2,124,0.9838
2,58,0.9838
2,65,0.9835
2,2452,0.9832
2,1194,0.9832
2,646,0.9829
2,94,0.9819
2,2310,0.9811
2,2217,0.9791
2,2731,0.9791
2,1032,0.9788
2,155,0.9786
2,2012,0.9786
2,1694,0.9786
2,1539,0.9786
2,1330,0.9786
2,1105,0.9786
2,1059,0.9786
2,1018,0.9786
2,1017,0.9786
2,904,0.9786
2,850,0.9786
2,475,0.9786
2,256,0.9786
2,245,0.9786
2,218,0.9786
2,215,0.9786
2,2606,0.9781
2,247,0.9761
2,183,0.9761
2,2588,0.9757
2,2595,0.9729
2,2334,0.9727
2,2625,0.9726
2,1487,0.9720
2,2223,0.9714
2,2235,0.9703
2,84,0.9697
2,2395,0.9671
2,2316,0.9669
2,2246,0.9651
2,2227,0.9649
2,2237,0.9643
2,2732,0.9616
2,2594,0.9602
2,2696,0.9580
2,1600,0.9512
2,2338,0.9491
2,2320,0.9472
2,174,0.9454
2,1441,0.9110
2,2347,0.8660
2,1043,0.8656
2,2656,0.8654
2,2387,0.8654
2,2385,0.8654
2,2599,0.8652
2,2372,0.8651
2,2220,0.8649
2,2422,0.8647
2,2706,0.8643
2,2521,0.8643
2,2702,0.8642
2,2533,0.8633
2,2653,0.8630
2,2374,0.8630
2,2558,0.8628
2,2540,0.8628
2,2331,0.8626
2,2202,0.8625
2,2654,0.8625
2,2222,0.8625
2,2201,0.8625
2,2177,0.8625
2,2064,0.8625
2,1967,0.8625
2,1822,0.8625
2,1022,0.8625
2,935,0.8625
2,190,0.8625
2,2574,0.8624
2,2710,0.8624
2,2711,0.8624
2,2382,0.8624
2,2719,0.8623
2,2390,0.8622
2,2561,0.8621
2,2329,0.8621
2,2288,0.8621
2,2272,0.8621
2,2232,0.8621
2,2179,0.8621
2,2332,0.8618
2,2570,0.8617
2,1991,0.8617
2,2604,0.8616
2,2703,0.8615
2,2396,0.8611
3,2339,0.9998
3,2625,0.9993
3,2172,0.9986
3,2632,0.9982
3,2455,0.9972
3,2626,0.9965
3,2345,0.9962
3,2175,0.9947
3,2666,0.9943
3,2608,0.9942
3,2365,0.9942
3,2174,0.9939
3,2173,0.9936
3,2227,0.9924
3,2735,0.9915
3,2524,0.9911
3,2514,0.9911
3,2606,0.9911
3,2668,0.9909
3,2395,0.9909
3,2599,0.9907
3,2488,0.9897
3,2675,0.9885
3,2627,0.9885
3,2330,0.9882
3,2458,0.9866
3,2674,0.9859
3,2679,0.9858
3,2417,0.9851
3,2486,0.9847
3,2667,0.9829
3,2336,0.9816
3,2507,0.9805
3,2341,0.9800
3,2340,0.9798
3,2624,0.9796
3,2547,0.9796
3,2344,0.9779
3,2479,0.9761
3,2577,0.9759
3,2255,0.9759
3,2366,0.9758
3,2696,0.9737
3,2256,0.9555
3,2177,0.9534
3,2504,0.8166
3,2503,0.8166
3,2436,0.8166
3,2299,0.8166
3,2212,0.8166
3,2242,0.8166
3,2594,0.8166
3,2537,0.8166
3,2252,0.8166
3,248,0.8166
3,2462,0.8166
3,2549,0.8166
3,2320,0.8166
3,2285,0.8166
3,2279,0.8166
3,2652,0.8166
3,2508,0.8166
3,159,0.8166
3,27,0.8166
3,10,0.8166
3,2569,0.8166
3,2623,0.8165
3,2713,0.8165
3,2705,0.8165
3,2698,0.8165
3,2613,0.8165
3,2543,0.8165
3,2499,0.8165
3,2474,0.8165
3,2465,0.8165
3,2401,0.8165
3,2356,0.8165
3,2352,0.8165
3,2350,0.8165
3,2337,0.8165
3,2325,0.8165
3,2307,0.8165
3,2215,0.8165
3,2194,0.8165
3,2120,0.8165
3,2037,0.8165
3,1825,0.8165
3,1780,0.8165
3,1694,0.8165
3,1546,0.8165
3,1404,0.8165
3,1343,0.8165
3,1329,0.8165
3,1201,0.8165
3,1153,0.8165
3,1022,0.8165
3,920,0.8165
3,650,0.8165
3,533,0.8165
3,467,0.8165
3,271,0.8165
3,190,0.8165
3,124,0.8165
3,83,0.8165
3,2644,0.8165
3,2484,0.8165
3,2420,0.8165
3,2390,0.8165
3,2593,0.8165
3,2720,0.8165
3,2526,0.8165
3,2525,0.8165
3,2522,0.8165
3,2518,0.8165
3,2489,0.8165
3,2430,0.8165
3,2343,0.8165
3,2260,0.8165
3,2223,0.8165
3,1889,0.8165
3,1043,0.8165
3,171,0.8165
3,2604,0.8165
3,2711,0.8165
3,2610,0.8165
3,2506,0.8165
3,2326,0.8165
3,2296,0.8165
3,2234,0.8165
3,2595,0.8165
3,2572,0.8165
3,2512,0.8165
3,2483,0.8165
3,2361,0.8165
3,2309,0.8165
3,2268,0.8165
3,2247,0.8165
3,2428,0.8165
3,2291,0.8165
3,2289,0.8165
3,1487,0.8165
3,2461,0.8164
3,2671,0.8164
3,2545,0.8164
3,2262,0.8164
3,2573,0.8164
3,2429,0.8164
3,2725,0.8164
3,2241,0.8164
3,2182,0.8164
4,881,0.9690
4,2708,0.8167
4,2667,0.8167
4,2650,0.8167
4,2646,0.8167
4,2641,0.8167
4,2608,0.8167
4,2604,0.8167
4,2569,0.8167
4,2537,0.8167
4,2509,0.8167
4,2396,0.8167
4,2387,0.8167
4,2380,0.8167
4,2365,0.8167
4,2334,0.8167
4,2282,0.8167
4,2248,0.8167
4,2239,0.8167
4,2235,0.8167
4,2227,0.8167
4,1750,0.8167
4,1600,0.8167
4,1591,0.8167
4,1589,0.8167
4,1542,0.8167
4,1346,0.8167
4,1198,0.8167
4,1194,0.8167
4,1126,0.8167
4,1097,0.8167
4,17,0.8167
4,2662,0.8167
4,2621,0.8167
4,2475,0.8167
4,2381,0.8167
4,2359,0.8167
4,2275,0.8167
4,2193,0.8167
4,1089,0.8167
4,397,0.8167
4,2303,0.8166
4,2572,0.8164
4,2209,0.8162
4,2549,0.8157
4,2737,0.8153
4,2609,0.8153
4,2589,0.8153
4,2492,0.8153
4,2187,0.8153
4,2429,0.8150
4,2651,0.8147
4,2458,0.8147
4,2293,0.8147
4,1447,0.8147
4,1253,0.8147
4,2452,0.8143
4,2727,0.8118
4,1157,0.8118
4,2719,0.8104
4,2687,0.8104
4,2672,0.8104
4,2635,0.8104
4,2625,0.8104
4,2554,0.8104
4,2502,0.8104
4,2447,0.8104
4,2390,0.8104
4,2330,0.8104
4,2316,0.8104
4,2300,0.8104
4,2056,0.8104
4,1873,0.8104
4,1583,0.8104
4,1164,0.8104
4,920,0.8104
4,373,0.8104
4,2671,0.8101
4,2684,0.8092
4,2540,0.8092
4,2507,0.8092
4,2434,0.8092
4,2416,0.8092
4,2398,0.8092
4,2368,0.8092
4,2344,0.8092
4,2291,0.8092
4,1713,0.8092
4,1471,0.8092
4,1307,0.8092
4,1289,0.8092
4,1232,0.8092
4,1151,0.8092
4,921,0.8092
4,914,0.8092
4,590,0.8092
4,2591,0.8090
4,2726,0.8028
4,2669,0.8028
4,2599,0.8028
4,2587,0.8028
4,2580,0.8028
4,2556,0.8028
4,2389,0.8028
4,2382,0.8028
4,2318,0.8028
4,2292,0.8028
4,2259,0.8028
4,2253,0.8028
4,861,0.8021
4,2660,0.8011
4,2592,0.8011
4,2576,0.8011
4,2552,0.8011
4,2360,0.8011
4,2218,0.8011
4,2181,0.8011
4,1925,0.8011
4,1707,0.8011
4,996,0.8011
4,796,0.8011
4,406,0.8011
4,2595,0.7966
4,2539,0.7966
4,2670,0.7947
4,2388,0.7947
4,1763,0.7947
4,1273,0.7947
4,650,0.7947
4,408,0.7947
4,2383,0.7916
4,2736,0.7896
4,2093,0.7896
4,2055,0.7896
4,1665,0.7896
4,1640,0.7896
4,2530,0.7853
4,2520,0.7853
4,1677,0.7853
4,1144,0.7853
4,886,0.7853
4,560,0.7853
4,2453,0.7817
4,1705,0.7817
4,1755,0.7791
4,109,0.7791
4,899,0.7760
4,858,0.7760
4,534,0.7521
4,2721,0.5780
5,2390,0.9991
5,2423,0.9963
5,2387,0.9955
5,630,0.8656
5,1775,0.8656
5,2685,0.8652
5,1002,0.8652
5,2412,0.8629
5,935,0.8629
5,797,0.8629
5,2486,0.8621
5,2432,0.8621
5,2429,0.8621
5,2300,0.8621
5,2287,0.8621
5,2173,0.8611
5,1457,0.8604
5,842,0.8604
5,687,0.8604
5,546,0.8604
5,1747,0.8604
5,1030,0.8604
5,1018,0.8594
5,2253,0.8592
5,2572,0.8582
5,2332,0.8577
5,2667,0.8560
5,2331,0.8549
5,2708,0.8544
5,2599,0.8544
5,2376,0.8542
5,305,0.8528
5,1014,0.8518
5,2691,0.8514
5,2737,0.8507
5,2696,0.8507
5,2573,0.8507
5,2309,0.8507
5,2330,0.8503
5,246,0.8500
5,2657,0.8475
5,2589,0.8474
5,2704,0.8467
5,2481,0.8453
5,2498,0.8421
5,2367,0.8421
5,2476,0.8412
5,2687,0.8307
5,2467,0.8286
5,2603,0.7074
5,2285,0.7074
5,2061,0.7074
5,1670,0.7074
5,1498,0.7074
5,1490,0.7074
5,1432,0.7074
5,1399,0.7074
5,1071,0.7074
5,1061,0.7074
5,1056,0.7074
5,1011,0.7074
5,958,0.7074
5,957,0.7074
5,907,0.7074
5,903,0.7074
5,656,0.7074
5,516,0.7074
5,462,0.7074
5,435,0.7074
5,298,0.7074
5,35,0.7074
5,7,0.7074
5,1633,0.7074
5,1097,0.7074
5,898,0.7074
5,337,0.7074
5,218,0.7074
5,22,0.7074
5,938,0.7074
5,920,0.7074
5,405,0.7074
5,21,0.7074
5,2392,0.7074
5,2386,0.7074
5,2277,0.7074
5,2188,0.7074
5,2678,0.7073
5,2641,0.7073
5,2560,0.7073
5,2541,0.7073
5,2196,0.7073
5,2364,0.7072
5,2225,0.7072
5,2636,0.7072
5,2224,0.7072
5,2483,0.7071
5,2435,0.7071
5,1740,0.7071
5,2604,0.7071
5,2527,0.7071
5,2513,0.7071
5,2496,0.7071
5,2492,0.7071
5,2385,0.7071
5,2379,0.7071
5,2371,0.7071
5,2355,0.7071
5,2174,0.7071
5,671,0.7071
5,646,0.7071
5,610,0.7071
5,2451,0.7071
5,2209,0.7070
5,2732,0.7070
5,2731,0.7070
5,2426,0.7070
5,2210,0.7070
5,258,0.7070
5,2676,0.7069
5,2398,0.7069
5,2658,0.7069
5,2322,0.7069
5,453,0.7069
5,245,0.7069
5,87,0.7069
5,1312,0.7068
5,1380,0.7067
5,547,0.7067
5,513,0.7067
5,399,0.7067
5,253,0.7067
5,1931,0.7065
5,1553,0.7065
5,1551,0.7065
5,1329,0.7065
5,1175,0.7065
5,1005,0.7065
5,303,0.7065
5,187,0.7065
5,19,0.7065
5,6,0.7065
5,2313,0.7065
5,825,0.7065
5,759,0.7065
5,612,0.7065
5,947,0.7062
5,2729,0.7062
5,2389,0.7062
5,2258,0.7062
5,2220,0.7060
6,679,0.9930
6,2289,0.8660
6,1759,0.8660
6,1943,0.8616
6,1262,0.8616
6,737,0.8616
6,1932,0.8598
6,611,0.8595
6,2561,0.7074
6,2388,0.7074
6,2329,0.7074
6,2288,0.7074
6,2272,0.7074
6,2232,0.7074
6,2179,0.7074
6,1903,0.7074
6,1757,0.7074
6,1726,0.7074
6,1358,0.7074
6,1265,0.7074
6,1061,0.7074
6,991,0.7074
6,769,0.7074
6,680,0.7074
6,472,0.7074
6,372,0.7074
6,2069,0.7073
6,1897,0.7073
6,1515,0.7073
6,749,0.7073
6,743,0.7073
6,160,0.7073
6,2336,0.7073
6,2124,0.7073
6,2062,0.7073
6,1999,0.7073
6,1852,0.7073
6,1761,0.7073
6,1349,0.7073
6,946,0.7073
6,480,0.7073
6,196,0.7073
6,15,0.7073
6,2586,0.7073
6,2472,0.7073
6,2330,0.7073
6,2104,0.7073
6,371,0.7073
6,278,0.7073
6,2163,0.7062
6,1799,0.7032
6,1570,0.7032
6,739,0.7032
6,685,0.7032
6,1691,0.7028
6,491,0.7028
6,2046,0.7027
6,1994,0.7027
6,1967,0.7027
6,1930,0.7027
6,1848,0.7027
6,1572,0.7027
6,1529,0.7027
6,1465,0.7027
6,1391,0.7027
6,1384,0.7027
6,1148,0.7027
6,766,0.7027
6,587,0.7027
6,425,0.7027
6,341,0.7027
6,227,0.7027
6,1446,0.7027
6,920,0.7019
6,818,0.7019
6,654,0.7010
6,915,0.7009
6,704,0.6999
6,2463,0.6994
6,1024,0.6971
6,2464,0.6921
6,2454,0.6921
6,1196,0.6921
6,405,0.6820
6,2737,0.5007
6,2723,0.5007
6,2695,0.5007
6,2666,0.5007
6,2665,0.5007
6,2651,0.5007
6,2545,0.5007
6,2484,0.5007
6,2390,0.5007
6,2303,0.5007
6,2228,0.5007
6,2177,0.5007
6,2152,0.5007
6,2132,0.5007
6,2122,0.5007
6,2120,0.5007
6,2109,0.5007
6,2108,0.5007
6,2073,0.5007
6,2067,0.5007
6,2050,0.5007
6,2036,0.5007
6,2025,0.5007
6,2002,0.5007
6,1988,0.5007
6,1986,0.5007
6,1973,0.5007
6,1969,0.5007
6,1968,0.5007
6,1965,0.5007
6,1952,0.5007
6,1923,0.5007
6,1922,0.5007
6,1921,0.5007
6,1908,0.5007
6,1880,0.5007
6,1859,0.5007
6,1857,0.5007
6,1832,0.5007
6,1793,0.5007
6,1785,0.5007
6,1774,0.5007
6,1731,0.5007
6,1729,0.5007
6,1696,0.5007
6,1650,0.5007
6,1636,0.5007
6,1566,0.5007
6,1483,0.5007
6,1477,0.5007
6,1473,0.5007
6,1451,0.5007
6,1448,0.5007
6,1428,0.5007
6,1421,0.5007
6,1394,0.5007
6,1390,0.5007
6,1374,0.5007
6,1359,0.5007
6,1342,0.5007
6,1330,0.5007
6,1309,0.5007
6,1285,0.5007
6,1275,0.5007
6,1182,0.5007
6,1164,0.5007
7,2313,0.9997
7,2319,0.9985
7,2476,0.9956
7,2366,0.9943
7,2468,0.9907
7,1688,0.9907
7,183,0.9907
7,2477,0.9872
7,2196,0.9863
7,2338,0.9851
7,2213,0.9822
7,2573,0.9803
7,2614,0.9792
7,2195,0.9792
7,2397,0.9768
7,2398,0.9600
7,2347,0.9600
7,2380,0.9494
7,2572,0.9242
7,2317,0.9174
7,1170,0.9159
7,2710,0.8952
7,2481,0.8166
7,2443,0.8166
7,2622,0.8164
7,2577,0.8164
7,2501,0.8164
7,2434,0.8164
7,2256,0.8164
7,1710,0.8164
7,1485,0.8164
7,1097,0.8164
7,1082,0.8164
7,2507,0.8163
7,2315,0.8163
7,2250,0.8163
7,2618,0.8162
7,2587,0.8162
7,2417,0.8162
7,2372,0.8162
7,2355,0.8162
7,2470,0.8161
7,2385,0.8161
7,956,0.8161
7,2217,0.8160
7,2652,0.8160
7,2247,0.8160
7,2223,0.8160
7,2220,0.8160
7,2219,0.8155
7,2632,0.8150
7,1561,0.8149
7,1683,0.8149
7,1617,0.8149
7,2682,0.8142
7,2230,0.8139
7,2707,0.8134
7,2704,0.8134
7,2699,0.8134
7,2609,0.8134
7,2482,0.8134
7,2238,0.8134
7,2650,0.8130
7,2466,0.8130
7,2419,0.8130
7,1331,0.8130
7,2429,0.8129
7,2719,0.8123
7,2697,0.8123
7,2658,0.8123
7,2657,0.8123
7,2646,0.8123
7,2630,0.8123
7,2620,0.8123
7,2584,0.8123
7,2504,0.8123
7,2489,0.8123
7,2436,0.8123
7,2403,0.8123
7,2361,0.8123
7,2299,0.8123
7,2222,0.8123
7,2199,0.8123
7,2177,0.8123
7,1822,0.8123
7,1642,0.8123
7,1620,0.8123
7,1529,0.8123
7,1383,0.8123
7,1132,0.8123
7,1115,0.8123
7,872,0.8123
7,317,0.8123
7,127,0.8123
7,2542,0.8123
7,2413,0.8123
7,2363,0.8123
7,2266,0.8123
7,2224,0.8123
7,2270,0.8123
7,2610,0.8122
7,2506,0.8122
7,2296,0.8122
7,2234,0.8122
7,2703,0.8122
7,2425,0.8100
7,2649,0.8098
7,2576,0.8098
7,2187,0.8098
7,2147,0.8098
7,1171,0.8093
7,2595,0.8090
7,2645,0.8083
7,2594,0.8065
7,2527,0.8065
7,2513,0.8065
7,2502,0.8065
7,1726,0.8056
7,2368,0.8053
7,2084,0.8053
7,1413,0.8053
7,959,0.8053
7,669,0.8053
7,606,0.8053
7,2606,0.8053
7,2356,0.8053
7,946,0.8053
7,2599,0.8045
7,2330,0.8036
7,2702,0.8035
7,2667,0.8035
7,1049,0.8016
7,2615,0.8013
7,2636,0.8009
7,2567,0.8009
7,2378,0.8009
7,2320,0.8009
7,2556,0.8004
7,2593,0.7999
7,2713,0.7986
7,2598,0.7965
7,2352,0.7965
7,2708,0.7956
7,2635,0.7956
7,2585,0.7956
7,2574,0.7956
7,2438,0.7956
7,2426,0.7956
7,2377,0.7956
7,1724,0.7956
8,2468,0.9994
8,1049,0.9994
8,958,0.9962
8,2464,0.9930
8,2454,0.9930
8,2549,0.9911
8,670,0.9861
8,2496,0.9830
8,2099,0.9830
8,2675,0.9754
8,2389,0.9620
8,2458,0.8166
8,1776,0.8166
8,960,0.8166
8,2328,0.8166
8,2344,0.8166
8,2208,0.8166
8,2577,0.8166
8,2687,0.8166
8,1003,0.8166
8,901,0.8166
8,2691,0.8164
8,1819,0.8164
8,2441,0.8163
8,2145,0.8163
8,1645,0.8163
8,1452,0.8163
8,1044,0.8163
8,1005,0.8163
8,977,0.8163
8,917,0.8163
8,567,0.8163
8,55,0.8163
8,2701,0.8160
8,2676,0.8160
8,2477,0.8160
8,2387,0.8160
8,2372,0.8160
8,2275,0.8160
8,1605,0.8160
8,1524,0.8160
8,1301,0.8160
8,908,0.8160
8,903,0.8160
8,250,0.8160
8,125,0.8160
8,88,0.8160
8,38,0.8160
8,34,0.8160
8,2253,0.8149
8,2383,0.8137
8,427,0.8137
8,2731,0.8135
8,2721,0.8135
8,2694,0.8135
8,2689,0.8135
8,2670,0.8135
8,2635,0.8135
8,2632,0.8135
8,2568,0.8135
8,2566,0.8135
8,2561,0.8135
8,2512,0.8135
8,2409,0.8135
8,2399,0.8135
8,2343,0.8135
8,2329,0.8135
8,2288,0.8135
8,2272,0.8135
8,2232,0.8135
8,2188,0.8135
8,2187,0.8135
8,2179,0.8135
8,2177,0.8135
8,1180,0.8135
8,868,0.8135
8,832,0.8135
8,445,0.8135
8,353,0.8135
8,343,0.8135
8,2563,0.8134
8,2470,0.8134
8,2422,0.8134
8,2258,0.8134
8,1821,0.8134
8,66,0.8134
8,2423,0.8134
8,935,0.8130
8,2425,0.8127
8,2320,0.8127
8,2012,0.8127
8,1541,0.8127
8,1287,0.8127
8,1250,0.8127
8,1034,0.8127
8,1031,0.8127
8,973,0.8127
8,843,0.8127
8,836,0.8127
8,741,0.8127
8,691,0.8127
8,315,0.8127
8,85,0.8127
8,15,0.8126
8,2565,0.8122
8,2559,0.8122
8,2083,0.8122
8,1712,0.8122
8,2331,0.8115
8,2209,0.8115
8,2240,0.8108
8,2550,0.8098
8,1182,0.8093
8,1032,0.8093
8,2287,0.8087
8,2242,0.8087
8,657,0.8086
8,2332,0.8083
8,2726,0.8082
8,2672,0.8082
8,2564,0.8082
8,2502,0.8082
8,2309,0.8082
8,2277,0.8082
8,2169,0.8082
8,2231,0.8074
8,2728,0.8066
8,2431,0.8066
8,1378,0.8060
8,2388,0.8047
8,2311,0.8047
8,2259,0.8047
8,1102,0.8047
8,82,0.8015
8,644,0.8004
8,2285,0.7987
8,2642,0.7980
8,2641,0.7980
8,2604,0.7980
8,2173,0.7980
8,2091,0.7980
8,1825,0.7980
8,1792,0.7980
8,866,0.7980
8,626,0.7980
8,1603,0.7963
8,722,0.7963
8,716,0.7963
8,2310,0.7962
8,2390,0.7940
9,1837,0.8884
9,262,0.8881
9,676,0.7735
9,724,0.7711
9,2058,0.7704
9,211,0.7692
9,2316,0.7689
9,946,0.7678
9,114,0.7678
9,2002,0.7675
9,1204,0.7598
9,656,0.7570
9,2062,0.7551
9,891,0.7551
9,1349,0.7477
9,2046,0.7465
9,2563,0.7288
9,2737,0.6329
9,2589,0.6329
9,2575,0.6329
9,2549,0.6329
9,2547,0.6329
9,2546,0.6329
9,2492,0.6329
9,2385,0.6329
9,2341,0.6329
9,2311,0.6329
9,2111,0.6329
9,2096,0.6329
9,2028,0.6329
9,1783,0.6329
9,1711,0.6329
9,1538,0.6329
9,1456,0.6329
9,1376,0.6329
9,1049,0.6329
9,1037,0.6329
9,1030,0.6329
9,997,0.6329
9,879,0.6329
9,753,0.6329
9,533,0.6329
9,378,0.6329
9,343,0.6329
9,220,0.6329
9,218,0.6329
9,89,0.6329
9,87,0.6329
9,12,0.6329
9,1678,0.6328
9,136,0.6328
9,1005,0.6328
9,758,0.6328
9,489,0.6328
9,1384,0.6328
9,652,0.6328
9,2644,0.6328
9,937,0.6327
9,2451,0.6327
9,2269,0.6325
9,1287,0.6325
9,2729,0.6325
9,2711,0.6325
9,2139,0.6320
9,157,0.6320
9,2113,0.6320
9,1689,0.6313
9,1292,0.6313
9,892,0.6313
9,492,0.6313
9,322,0.6313
9,2241,0.6311
9,2182,0.6311
9,2151,0.6309
9,2134,0.6309
9,2017,0.6309
9,1896,0.6309
9,1886,0.6309
9,1824,0.6309
9,1814,0.6309
9,886,0.6309
9,2101,0.6308
9,2090,0.6306
9,2687,0.6304
9,2565,0.6300
9,2538,0.6300
9,2518,0.6300
9,2496,0.6300
9,2495,0.6300
9,2263,0.6300
9,2261,0.6300
9,2242,0.6300
9,2231,0.6300
9,1904,0.6300
9,1855,0.6300
9,1842,0.6300
9,1823,0.6300
9,1778,0.6300
9,1746,0.6300
9,1150,0.6300
9,115,0.6300
9,2392,0.6299
9,2353,0.6299
9,2270,0.6299
9,2265,0.6299
9,2180,0.6299
9,1736,0.6299
9,2717,0.6298
9,519,0.6298
9,2264,0.6298
9,1810,0.6295
9,198,0.6295
9,2724,0.6288
9,2501,0.6288
9,2450,0.6288
9,2325,0.6288
9,150,0.6288
9,141,0.6288
9,1857,0.6278
9,1835,0.6278
9,272,0.6278
9,2018,0.6276
9,2103,0.6275
9,1300,0.6275
9,1279,0.6275
9,773,0.6275
9,412,0.6275
9,138,0.6275
9,107,0.6275
9,1926,0.6274
9,1898,0.6271
9,1286,0.6271
9,888,0.6271
9,413,0.6271
9,473,0.6261
9,56,0.6260
9,1113,0.6256
9,1775,0.6237
9,2587,0.6233
9,523,0.6233
9,518,0.6233
9,270,0.6208
9,2271,0.6195
9,1048,0.6195
9,110,0.6195
9,2566,0.6175
9,2292,0.6175
9,2291,0.6175
9,2240,0.6175
9,1829,0.6175
10,2512,0.9989
10,2481,0.9892
10,402,0.9821
10,246,0.9821
10,2550,0.8166
10,2437,0.8166
10,2386,0.8166
10,1049,0.8166
10,458,0.8166
10,2412,0.8166
10,2692,0.8166
10,2453,0.8165
10,2458,0.8164
10,2284,0.8163
10,2693,0.8162
10,2723,0.8157
10,2695,0.8157
10,2665,0.8157
10,2632,0.8157
10,2420,0.8157
10,2366,0.8156
10,2640,0.8156
10,457,0.8156
10,2685,0.8154
10,2545,0.8154
10,2733,0.8154
10,2645,0.8154
10,2488,0.8154
10,2382,0.8154
10,2260,0.8154
10,2725,0.8153
10,2417,0.8153
10,2242,0.8148
10,2258,0.8143
10,2731,0.8142
10,2311,0.8142
10,2286,0.8142
10,2187,0.8142
10,2335,0.8139
10,2173,0.8138
10,2694,0.8138
10,2438,0.8138
10,2726,0.8129
10,2205,0.8126
10,2671,0.8121
10,2276,0.8121
10,2378,0.8120
10,2056,0.8120
10,27,0.8120
10,10,0.8120
10,2259,0.8111
10,2730,0.8110
10,2599,0.8098
10,2508,0.8095
10,2501,0.8095
10,2462,0.8095
10,2452,0.8095
10,2441,0.8095
10,2439,0.8095
10,2536,0.8094
10,2503,0.8093
10,2669,0.8081
10,2732,0.8080
10,2330,0.8080
10,2285,0.8080
10,2667,0.8067
10,2367,0.8067
10,2607,0.8049
10,2464,0.8047
10,2454,0.8047
10,2460,0.8042
10,516,0.8036
10,2507,0.8031
10,2600,0.8030
10,2580,0.8030
10,797,0.8030
10,563,0.8030
10,467,0.8030
10,2487,0.8030
10,2210,0.8030
10,2567,0.8029
10,2278,0.8020
10,2537,0.7997
10,2670,0.7993
10,2502,0.7975
10,2509,0.7957
10,2422,0.7951
10,723,0.7951
10,570,0.7951
10,1012,0.7835
10,2613,0.7803
10,2554,0.7803
10,407,0.7803
10,2664,0.7799
10,1922,0.7697
10,128,0.7697
10,1670,0.7671
10,460,0.7671
10,142,0.7469
10,2713,0.5781
10,2707,0.5781
10,2705,0.5781
10,2702,0.5781
10,2698,0.5781
10,2676,0.5781
10,2646,0.5781
10,2630,0.5781
10,2629,0.5781
10,2624,0.5781
10,2620,0.5781
10,2606,0.5781
10,2598,0.5781
10,2584,0.5781
10,2583,0.5781
10,2577,0.5781
10,2574,0.5781
10,2560,0.5781
10,2557,0.5781
10,2547,0.5781
10,2543,0.5781
10,2527,0.5781
10,2513,0.5781
10,2499,0.5781
10,2474,0.5781
10,2469,0.5781
10,2465,0.5781
10,2450,0.5781
10,2449,0.5781
10,2447,0.5781
10,2425,0.5781
10,2418,0.5781
10,2413,0.5781
10,2401,0.5781
10,2395,0.5781
10,2384,0.5781
10,2376,0.5781
10,2375,0.5781
10,2370,0.5781
10,2363,0.5781
10,2358,0.5781
10,2356,0.5781
10,2352,0.5781
10,2350,0.5781
10,2349,0.5781
10,2337,0.5781
10,2332,0.5781
10,2325,0.5781
10,2323,0.5781
10,2307,0.5781
10,2294,0.5781
11,2330,0.8522
11,2390,0.7074
11,1986,0.7074
11,1952,0.7074
11,1729,0.7074
11,1374,0.7074
11,680,0.7074
11,525,0.7074
11,407,0.7074
11,241,0.7074
11,2423,0.7073
11,2728,0.7065
11,2431,0.7065
11,2056,0.7065
11,1896,0.7065
11,1752,0.7065
11,1355,0.7065
11,362,0.7065
11,2036,0.7064
11,1903,0.7064
11,1342,0.7064
11,1182,0.7064
11,947,0.7064
11,679,0.7064
11,611,0.7064
11,559,0.7064
11,343,0.7064
11,320,0.7064
11,36,0.7064
11,1652,0.7064
11,1262,0.7064
11,818,0.7064
11,696,0.7052
11,2433,0.7051
11,1673,0.7051
11,1382,0.7051
11,2705,0.7016
11,1378,0.7016
11,737,0.7016
11,1473,0.7012
11,1339,0.7004
11,2509,0.6963
11,2461,0.6963
11,2015,0.6963
11,1118,0.6963
11,2002,0.6960
11,1965,0.6959
11,1024,0.6949
11,887,0.6949
11,332,0.6949
11,1774,0.6943
11,1755,0.6758
11,2737,0.5007
11,2723,0.5007
11,2695,0.5007
11,2666,0.5007
11,2665,0.5007
11,2651,0.5007
11,2586,0.5007
11,2561,0.5007
11,2545,0.5007
11,2484,0.5007
11,2472,0.5007
11,2463,0.5007
11,2388,0.5007
11,2329,0.5007
11,2303,0.5007
11,2289,0.5007
11,2288,0.5007
11,2272,0.5007
11,2232,0.5007
11,2228,0.5007
11,2179,0.5007
11,2177,0.5007
11,2152,0.5007
11,2132,0.5007
11,2122,0.5007
11,2120,0.5007
11,2109,0.5007
11,2108,0.5007
11,2104,0.5007
11,2073,0.5007
11,2067,0.5007
11,2050,0.5007
11,2025,0.5007
11,1988,0.5007
11,1973,0.5007
11,1969,0.5007
11,1968,0.5007
11,1923,0.5007
11,1922,0.5007
11,1921,0.5007
11,1908,0.5007
11,1880,0.5007
11,1859,0.5007
11,1857,0.5007
11,1832,0.5007
11,1793,0.5007
11,1785,0.5007
11,1759,0.5007
11,1757,0.5007
11,1731,0.5007
11,1726,0.5007
11,1696,0.5007
11,1650,0.5007
11,1636,0.5007
11,1566,0.5007
11,1483,0.5007
11,1477,0.5007
11,1451,0.5007
11,1448,0.5007
11,1428,0.5007
11,1421,0.5007
11,1394,0.5007
11,1390,0.5007
11,1359,0.5007
11,1358,0.5007
11,1330,0.5007
11,1309,0.5007
11,1285,0.5007
11,1275,0.5007
11,1265,0.5007
11,1164,0.5007
11,1162,0.5007
11,1149,0.5007
11,1146,0.5007
11,1138,0.5007
11,1097,0.5007
11,1080,0.5007
11,1063,0.5007
11,1061,0.5007
11,1055,0.5007
11,1044,0.5007
11,1040,0.5007
11,1017,0.5007
11,1007,0.5007
11,1006,0.5007
11,991,0.5007
11,949,0.5007
11,939,0.5007
11,919,0.5007
11,915,0.5007
11,883,0.5007
11,850,0.5007
11,804,0.5007
11,783,0.5007
11,773,0.5007
11,769,0.5007
11,767,0.5007
11,724,0.5007
12,362,0.9983
12,221,0.9983
12,2036,0.9959
12,2728,0.8165
12,2658,0.8165
12,2610,0.8165
12,2606,0.8165
12,2589,0.8165
12,2554,0.8165
12,2506,0.8165
12,2431,0.8165
12,2296,0.8165
12,2234,0.8165
12,691,0.8165
12,127,0.8165
12,984,0.8157
12,559,0.8157
12,975,0.8147
12,399,0.8138
12,2275,0.8117
12,1743,0.8116
12,251,0.8040
12,2708,0.7988
12,2731,0.5779
12,2725,0.5779
12,2672,0.5779
12,2669,0.5779
12,2664,0.5779
12,2662,0.5779
12,2652,0.5779
12,2648,0.5779
12,2634,0.5779
12,2621,0.5779
12,2611,0.5779
12,2608,0.5779
12,2600,0.5779
12,2599,0.5779
12,2591,0.5779
12,2572,0.5779
12,2561,0.5779
12,2559,0.5779
12,2548,0.5779
12,2546,0.5779
12,2542,0.5779
12,2539,0.5779
12,2529,0.5779
12,2518,0.5779
12,2515,0.5779
12,2507,0.5779
12,2486,0.5779
12,2480,0.5779
12,2467,0.5779
12,2452,0.5779
12,2439,0.5779
12,2421,0.5779
12,2405,0.5779
12,2402,0.5779
12,2397,0.5779
12,2388,0.5779
12,2383,0.5779
12,2366,0.5779
12,2365,0.5779
12,2359,0.5779
12,2358,0.5779
12,2349,0.5779
12,2340,0.5779
12,2329,0.5779
12,2328,0.5779
12,2320,0.5779
12,2310,0.5779
12,2288,0.5779
12,2273,0.5779
12,2272,0.5779
12,2268,0.5779
12,2264,0.5779
12,2261,0.5779
12,2251,0.5779
12,2232,0.5779
12,2211,0.5779
12,2209,0.5779
12,2207,0.5779
12,2200,0.5779
12,2193,0.5779
12,2180,0.5779
12,2179,0.5779
12,2178,0.5779
12,2170,0.5779
12,2121,0.5779
12,2034,0.5779
12,2028,0.5779
12,2024,0.5779
12,2022,0.5779
12,1961,0.5779
12,1960,0.5779
12,1929,0.5779
12,1928,0.5779
12,1861,0.5779
12,1843,0.5779
12,1840,0.5779
12,1830,0.5779
12,1823,0.5779
12,1822,0.5779
12,1762,0.5779
12,1595,0.5779
12,1573,0.5779
12,1542,0.5779
12,1432,0.5779
12,1427,0.5779
12,1359,0.5779
12,1358,0.5779
12,1296,0.5779
12,1252,0.5779
12,1217,0.5779
12,1214,0.5779
12,1142,0.5779
12,1069,0.5779
12,1060,0.5779
12,1004,0.5779
12,983,0.5779
12,976,0.5779
12,954,0.5779
12,952,0.5779
12,927,0.5779
12,833,0.5779
12,732,0.5779
12,728,0.5779
12,690,0.5779
12,651,0.5779
12,641,0.5779
12,635,0.5779
12,631,0.5779
12,622,0.5779
12,618,0.5779
12,588,0.5779
12,579,0.5779
12,443,0.5779
12,439,0.5779
12,421,0.5779
12,398,0.5779
12,386,0.5779
12,325,0.5779
12,292,0.5779
12,260,0.5779
12,220,0.5779
12,202,0.5779
12,189,0.5779
12,130,0.5779
12,122,0.5779
12,79,0.5779
12,73,0.5779
