1,2700,0.9988706233
1,2310,0.9979508560
1,2691,0.9975578034
1,2344,0.9968436692
1,912,0.9954814660
1,670,0.9954814660
1,434,0.9954814660
1,5,0.9954814660
1,2331,0.9908894380
1,1461,0.9908006226
1,2334,0.9892441234
1,2388,0.9880036884
1,2169,0.9869441283
1,1032,0.9863167652
1,2390,0.9861773600
1,18,0.9859702830
1,2469,0.9816990811
1,1464,0.9816990811
1,1441,0.9816990811
1,1031,0.9816990811
1,2704,0.9764251335
1,2,0.9758008661
1,2470,0.9751904655
1,1468,0.9712218859
1,940,0.9679262642
1,957,0.9625247281
1,935,0.9608406645
1,89,0.9572196905
1,959,0.9499595458
1,1502,0.9492757214
1,2450,0.9428326706
1,2468,0.9312789712
1,2471,0.9271531231
1,2399,0.9160420416
1,2675,0.9011750277
1,2173,0.9011750277
1,2172,0.8866371330
1,2464,0.8164641680
1,2454,0.8164641680
1,1456,0.8164641680
1,1450,0.8164641680
1,923,0.8164641680
1,1102,0.8163258675
1,933,0.8163258675
1,2592,0.8162294394
1,2496,0.8162294394
1,2083,0.8162294394
1,1001,0.8162294394
1,944,0.8162294394
1,2311,0.8159678092
1,2452,0.8159120660
1,2389,0.8159120660
1,2231,0.8159120660
1,2176,0.8159120660
1,1775,0.8159120660
1,1645,0.8159120660
1,1524,0.8159120660
1,1443,0.8159120660
1,939,0.8159120660
1,611,0.8159120660
1,448,0.8159120660
1,423,0.8159120660
1,82,0.8157356110
1,2686,0.8154993894
1,1508,0.8154993894
1,1457,0.8152002559
1,1398,0.8152002559
1,1225,0.8152002559
1,2383,0.8149502554
1,2564,0.8147190338
1,2421,0.8147190338
1,934,0.8147190338
1,456,0.8147190338
1,2678,0.8142122572
1,2201,0.8142122572
1,1528,0.8142122572
1,1607,0.8142122572
1,1,0.8142122572
1,1448,0.8140848876
1,2382,0.8123094428
1,11,0.8119825690
1,2432,0.8113782505
1,1536,0.8113782505
1,1030,0.8113782505
1,630,0.8113782505
1,55,0.8113782505
1,15,0.8113782505
1,12,0.8113782505
1,1248,0.8108913064
1,961,0.8107403552
1,32,0.8100349613
1,919,0.8088651215
1,1024,0.8086581035
1,1933,0.8063449113
1,2733,0.8052319979
1,2731,0.8052319979
1,2330,0.8052319979
1,2327,0.8052319979
1,1998,0.8052319979
1,1825,0.8052319979
1,1606,0.8052319979
1,1384,0.8052319979
1,1062,0.8052319979
1,1019,0.8052319979
1,1018,0.8052319979
1,847,0.8052319979
1,843,0.8052319979
1,832,0.8052319979
1,739,0.8052319979
1,70,0.8052319979
1,45,0.8052319979
1,2422,0.8052319978
1,1821,0.8052319978
1,1452,0.8052319978
1,925,0.8052319978
1,745,0.8052319978
1,2687,0.8052319978
1,1003,0.8052319978
1,2295,0.8045673482
1,2692,0.8042344830
1,1177,0.8037035479
1,871,0.8037035479
1,2332,0.8015462813
1,1017,0.8000530413
1,1041,0.7991416936
1,2674,0.7978024284
1,1681,0.7959288016
1,1044,0.7959288016
1,740,0.7959288016
1,901,0.7947432719
1,2713,0.7939879208
1,2667,0.7939879208
1,2658,0.7939879208
1,2429,0.7939879208
1,2224,0.7939879208
1,1603,0.7939879208
1,1470,0.7939879208
1,1454,0.7939879208
1,1136,0.7939879208
1,1091,0.7939879208
1,1045,0.7939879208
1,936,0.7939879208
1,876,0.7939879208
1,626,0.7939879208
1,85,0.7939879208
1,2369,0.7939879208
1,1692,0.7939879208
1,1474,0.7939879208
1,1002,0.7939879208
1,2672,0.7920941466
2,2708,0.9532796232
2,2595,0.9515549653
2,2731,0.9496976734
2,2309,0.9462363904
2,2310,0.9444123390
2,2588,0.9413661530
2,97,0.9395105557
2,557,0.9378453286
2,24,0.9372601189
2,2696,0.9371915239
2,2068,0.9333047788
2,1819,0.9333047788
2,739,0.9324343707
2,2217,0.9321742279
2,1775,0.9320077641
2,670,0.9320077641
2,2227,0.9299038584
2,490,0.9296535974
2,434,0.9296535974
2,2245,0.9266612683
2,183,0.9262050947
2,2606,0.9246152113
2,1346,0.9243767558
2,612,0.9243767558
2,2433,0.9242108642
2,2323,0.9239870747
2,2048,0.9235048722
2,1780,0.9235048722
2,566,0.9235048722
2,2316,0.9228117560
2,2395,0.9174543708
2,84,0.9164431108
2,2120,0.9158134721
2,1825,0.9158134721
2,1546,0.9158134721
2,1485,0.9158134721
2,83,0.9158134721
2,65,0.9146655887
2,673,0.9120792944
2,2235,0.9114481482
2,1032,0.9103138881
2,2320,0.9080290908
2,2338,0.9077002364
2,1127,0.9067114403
2,359,0.9067114403
2,290,0.9067114403
2,2452,0.9065456880
2,1194,0.9065456880
2,94,0.9058771228
2,1487,0.9049849836
2,646,0.9034587391
2,2625,0.9032791993
2,291,0.9029607311
2,2246,0.8992195465
2,2371,0.8980043545
2,2145,0.8980043545
2,2114,0.8980043545
2,1549,0.8980043545
2,942,0.8980043545
2,875,0.8980043545
2,647,0.8980043545
2,626,0.8980043545
2,173,0.8980043545
2,134,0.8980043545
2,124,0.8980043545
2,58,0.8980043545
2,2151,0.8979864500
2,2010,0.8979864500
2,1936,0.8979864500
2,1923,0.8979864500
2,1799,0.8979864500
2,1594,0.8979864500
2,833,0.8979864500
2,783,0.8979864500
2,611,0.8979864500
2,467,0.8979864500
2,299,0.8979864500
2,38,0.8979864500
2,2237,0.8945963734
2,2223,0.8882381384
2,2594,0.8867415842
2,2334,0.8853063165
2,2732,0.8816298590
2,2012,0.8797996690
2,1694,0.8797996690
2,1539,0.8797996690
2,1330,0.8797996690
2,1105,0.8797996690
2,1059,0.8797996690
2,1018,0.8797996690
2,1017,0.8797996690
2,904,0.8797996690
2,850,0.8797996690
2,475,0.8797996690
2,256,0.8797996690
2,245,0.8797996690
2,218,0.8797996690
2,215,0.8797996690
2,155,0.8797996690
2,247,0.8764235502
2,2698,0.8641293605
2,2543,0.8641293605
2,2499,0.8641293605
2,2474,0.8641293605
2,2465,0.8641293605
2,2350,0.8641293605
2,2337,0.8641293605
2,2215,0.8641293605
2,2284,0.8626185361
2,2719,0.8595812283
2,2468,0.8584347922
2,2331,0.8560078292
2,2599,0.8556675756
2,2533,0.8537813973
2,2242,0.8535363480
2,2570,0.8532544616
2,1991,0.8532544616
2,2656,0.8532074344
2,2387,0.8532074344
2,2385,0.8532074344
2,2275,0.8528274603
2,2344,0.8515999007
2,974,0.8515999007
2,2390,0.8512047866
2,2220,0.8502455788
2,2380,0.8495392735
2,2561,0.8490770641
2,2329,0.8490770641
2,2288,0.8490770641
2,2272,0.8490770641
2,2232,0.8490770641
2,2179,0.8490770641
2,871,0.8489746383
2,2388,0.8484162374
2,2643,0.8474329544
2,2411,0.8454730343
2,2332,0.8454572639
2,2470,0.8453970084
2,2666,0.8452856215
2,2653,0.8445000477
2,2374,0.8445000477
2,1600,0.8442718524
2,2382,0.8439014761
2,1043,0.8425345778
2,2389,0.8415340886
2,2660,0.8404708275
2,2360,0.8404708275
2,2218,0.8404708275
2,2181,0.8404708275
2,2372,0.8402748042
3,2330,0.9999472037
3,2417,0.9996787768
3,2227,0.9991980141
3,2173,0.9977121882
3,2507,0.9973446946
3,2345,0.9971005267
3,2341,0.9965170292
3,2524,0.9931092499
3,2514,0.9931092499
3,2174,0.9930705731
3,2336,0.9910001367
3,2625,0.9871404984
3,2455,0.9869014719
3,2488,0.9853161553
3,2339,0.9846530343
3,2632,0.9826450299
3,2486,0.9770063552
3,2172,0.9760292471
3,2696,0.9756497801
3,2599,0.9754522175
3,2626,0.9719770233
3,2608,0.9713975412
3,2365,0.9713975412
3,2175,0.9692247890
3,2624,0.9668237362
3,2547,0.9668237362
3,2606,0.9666006849
3,2666,0.9636122522
3,2458,0.9606587500
3,2735,0.9564944579
3,2675,0.9552269758
3,2627,0.9552269758
3,2668,0.9545471637
3,2395,0.9545471637
3,2667,0.9532547070
3,2479,0.9524380446
3,2679,0.9519009559
3,2674,0.9490154109
3,2340,0.9431862629
3,2366,0.9349533498
3,2344,0.9342320910
3,2577,0.9322824318
3,2255,0.9322824318
3,2256,0.9055425742
3,2177,0.8978246466
3,2563,0.8164964973
3,2327,0.8164964973
3,2633,0.8164957954
3,2501,0.8164955288
3,2396,0.8164955288
3,2273,0.8164952151
3,2200,0.8164952151
3,2637,0.8164880553
3,2662,0.8164858136
3,2660,0.8164858136
3,2621,0.8164858136
3,2614,0.8164858136
3,2466,0.8164858136
3,2400,0.8164858136
3,2386,0.8164858136
3,2360,0.8164858136
3,2359,0.8164858136
3,2218,0.8164858136
3,2193,0.8164858136
3,2181,0.8164858136
3,2171,0.8164858136
3,1484,0.8164858136
3,1264,0.8164858136
3,557,0.8164858136
3,2253,0.8164828689
3,2579,0.8164809304
3,2509,0.8164809304
3,2435,0.8164809304
3,2726,0.8164718484
3,2692,0.8164583510
3,2180,0.8164498891
3,2732,0.8164461127
3,2476,0.8164461127
3,2558,0.8164413748
3,2301,0.8164413748
3,2287,0.8164413748
3,2259,0.8164413748
3,2250,0.8164413748
3,2187,0.8164413748
3,2589,0.8164349573
3,2576,0.8164349573
3,2393,0.8164349573
3,2292,0.8164349573
3,2277,0.8164349573
3,2725,0.8164156003
3,2241,0.8164156003
3,2182,0.8164156003
3,2588,0.8164036370
3,2461,0.8163902431
3,2711,0.8163775528
3,2610,0.8163775528
3,2506,0.8163775528
3,2326,0.8163775528
3,2296,0.8163775528
3,2234,0.8163775528
3,2644,0.8163682156
3,2484,0.8163682156
3,2420,0.8163682156
3,2390,0.8163682156
3,2604,0.8163639823
3,2595,0.8163497477
3,2593,0.8163483862
3,2586,0.8163220005
3,2472,0.8163220005
3,2587,0.8162764681
3,2372,0.8162764681
3,2367,0.8162764681
3,2235,0.8162764681
3,2635,0.8162583784
3,2283,0.8162583784
3,2652,0.8162541013
3,2508,0.8162541013
3,2562,0.8161823078
3,2544,0.8161823078
3,2500,0.8161823078
3,2423,0.8161823078
3,2280,0.8161823078
3,2251,0.8161823078
3,2209,0.8161823078
3,2594,0.8161544137
3,2537,0.8161544137
3,2252,0.8161544137
3,2478,0.8161471911
3,2549,0.8161393674
3,2320,0.8160729636
3,2724,0.8160399332
3,2727,0.8160141214
3,2663,0.8160141214
3,2578,0.8160141214
3,2406,0.8160141214
3,2270,0.8160141214
3,2184,0.8160141214
3,2504,0.8159813349
3,2503,0.8159813349
3,2436,0.8159813349
3,2299,0.8159813349
3,2212,0.8159813349
3,2278,0.8159768665
3,2631,0.8159536718
3,2192,0.8159486674
3,2242,0.8158495794
3,2682,0.8158111974
3,2603,0.8158111974
3,2426,0.8157931751
3,2412,0.8157561442
4,881,0.9036000709
4,2708,0.8164152070
4,2667,0.8164152070
4,2650,0.8164152070
4,2646,0.8164152070
4,2641,0.8164152070
4,2608,0.8164152070
4,2604,0.8164152070
4,2569,0.8164152070
4,2537,0.8164152070
4,2509,0.8164152070
4,2396,0.8164152070
4,2387,0.8164152070
4,2380,0.8164152070
4,2365,0.8164152070
4,2334,0.8164152070
4,2282,0.8164152070
4,2248,0.8164152070
4,2239,0.8164152070
4,2235,0.8164152070
4,2227,0.8164152070
4,1750,0.8164152070
4,1600,0.8164152070
4,1591,0.8164152070
4,1589,0.8164152070
4,1542,0.8164152070
4,1346,0.8164152070
4,1198,0.8164152070
4,1194,0.8164152070
4,1126,0.8164152070
4,1097,0.8164152070
4,17,0.8164152070
4,2662,0.8164152070
4,2621,0.8164152070
4,2475,0.8164152070
4,2381,0.8164152070
4,2359,0.8164152070
4,2275,0.8164152070
4,2193,0.8164152070
4,1089,0.8164152070
4,397,0.8164152070
4,2303,0.8164152070
4,2572,0.8164017224
4,2209,0.8162106621
4,2737,0.8155057751
4,2609,0.8155057751
4,2589,0.8155057751
4,2492,0.8155057751
4,2187,0.8155057751
4,2549,0.8152501312
4,2429,0.8152290685
4,2651,0.8140596470
4,2458,0.8140596470
4,2293,0.8140596470
4,1447,0.8140596470
4,1253,0.8140596470
4,2452,0.8136388554
4,2719,0.8109722201
4,2687,0.8109722201
4,2672,0.8109722201
4,2635,0.8109722201
4,2625,0.8109722201
4,2554,0.8109722201
4,2502,0.8109722201
4,2447,0.8109722201
4,2390,0.8109722201
4,2330,0.8109722201
4,2316,0.8109722201
4,2300,0.8109722201
4,2056,0.8109722201
4,1873,0.8109722201
4,1583,0.8109722201
4,1164,0.8109722201
4,920,0.8109722201
4,373,0.8109722201
4,2727,0.8109047347
4,1157,0.8109047347
4,2671,0.8107998430
4,2684,0.8080833139
4,2540,0.8080833139
4,2507,0.8080833139
4,2434,0.8080833139
4,2416,0.8080833139
4,2398,0.8080833139
4,2368,0.8080833139
4,2344,0.8080833139
4,2291,0.8080833139
4,1713,0.8080833139
4,1471,0.8080833139
4,1307,0.8080833139
4,1289,0.8080833139
4,1232,0.8080833139
4,1151,0.8080833139
4,921,0.8080833139
4,914,0.8080833139
4,590,0.8080833139
4,2591,0.8078741886
4,2726,0.8037250514
4,2669,0.8037250514
4,2599,0.8037250514
4,2587,0.8037250514
4,2580,0.8037250514
4,2556,0.8037250514
4,2389,0.8037250514
4,2382,0.8037250514
4,2318,0.8037250514
4,2292,0.8037250514
4,2259,0.8037250514
4,2253,0.8037250514
4,2660,0.7996778968
4,2592,0.7996778968
4,2576,0.7996778968
4,2552,0.7996778968
4,2360,0.7996778968
4,2218,0.7996778968
4,2181,0.7996778968
4,1925,0.7996778968
4,1707,0.7996778968
4,996,0.7996778968
4,796,0.7996778968
4,406,0.7996778968
4,2595,0.7977650389
4,2539,0.7977650389
4,2670,0.7930975406
4,2388,0.7930975406
4,1763,0.7930975406
4,1273,0.7930975406
4,650,0.7930975406
4,408,0.7930975406
4,2383,0.7929035054
4,2736,0.7878514946
4,2093,0.7878514946
4,2055,0.7878514946
4,1665,0.7878514946
4,1640,0.7878514946
4,2530,0.7835432234
4,2520,0.7835432234
4,1677,0.7835432234
4,1144,0.7835432234
4,886,0.7835432234
4,560,0.7835432234
4,2453,0.7799143805
4,1705,0.7799143805
4,899,0.7740695635
4,858,0.7740695635
4,861,0.7491353925
4,1755,0.7202273681
4,109,0.7202273681
4,534,0.6962086039
4,2721,0.5773502694
5,2423,0.9972456760
5,2387,0.9921343763
5,2390,0.9910326394
5,2253,0.8659744970
5,2486,0.8656090452
5,2432,0.8656090452
5,2429,0.8656090452
5,2300,0.8656090452
5,2287,0.8656090452
5,2376,0.8653815279
5,2696,0.8644618569
5,2573,0.8644618569
5,2309,0.8644618569
5,2330,0.8643656713
5,2691,0.8635526564
5,2657,0.8633943647
5,630,0.8627716265
5,2685,0.8622711941
5,1002,0.8622711941
5,2498,0.8611512592
5,2367,0.8611512592
5,1775,0.8559619951
5,2467,0.8541306155
5,2589,0.8528700936
5,2173,0.8523565510
5,2572,0.8518251061
5,2708,0.8513506535
5,2599,0.8513506535
5,2412,0.8499262215
5,935,0.8499262215
5,797,0.8499262215
5,1018,0.8449213689
5,305,0.8444009050
5,2667,0.8435129223
5,2704,0.8419380903
5,2332,0.8415025209
5,1747,0.8401618141
5,1030,0.8401618141
5,1457,0.8400966026
5,842,0.8400966026
5,687,0.8400966026
5,546,0.8400966026
5,1014,0.8357434838
5,2737,0.8330690571
5,2331,0.8329491510
5,246,0.8316130874
5,2481,0.8295110424
5,2476,0.8238268570
5,2687,0.8101963879
5,2725,0.7071037186
5,2702,0.7071037186
5,2471,0.7071037186
5,2428,0.7071037186
5,2381,0.7071037186
5,2354,0.7071037186
5,2172,0.7071037186
5,2603,0.7070448838
5,2285,0.7070448838
5,2061,0.7070448838
5,1670,0.7070448838
5,1498,0.7070448838
5,1490,0.7070448838
5,1432,0.7070448838
5,1399,0.7070448838
5,1071,0.7070448838
5,1061,0.7070448838
5,1056,0.7070448838
5,1011,0.7070448838
5,958,0.7070448838
5,957,0.7070448838
5,907,0.7070448838
5,903,0.7070448838
5,656,0.7070448838
5,516,0.7070448838
5,462,0.7070448838
5,435,0.7070448838
5,298,0.7070448838
5,35,0.7070448838
5,7,0.7070448838
5,938,0.7070448837
5,920,0.7070448837
5,405,0.7070448837
5,21,0.7070448837
5,2722,0.7070142994
5,2459,0.7070142994
5,2402,0.7070142994
5,2275,0.7070142994
5,2252,0.7070142994
5,2421,0.7069959850
5,2727,0.7068961013
5,2663,0.7068961013
5,2601,0.7068961013
5,2525,0.7068961013
5,2522,0.7068961013
5,2493,0.7068961013
5,2352,0.7068961013
5,2333,0.7068961013
5,1546,0.7068961013
5,812,0.7068961013
5,2186,0.7068040677
5,2587,0.7067700068
5,2588,0.7067382578
5,2577,0.7067382578
5,2345,0.7067382578
5,2323,0.7067382578
5,2211,0.7067382578
5,2171,0.7067382578
5,2187,0.7067296783
5,2734,0.7066065000
5,2706,0.7066065000
5,2680,0.7066065000
5,2410,0.7066065000
5,2382,0.7066065000
5,2369,0.7066065000
5,2362,0.7066065000
5,2326,0.7066065000
5,2314,0.7066065000
5,2295,0.7066065000
5,2228,0.7066065000
5,2372,0.7064685908
5,2302,0.7064685908
5,2681,0.7063756235
5,2617,0.7063756235
5,2443,0.7063756235
5,2195,0.7063756235
5,947,0.7062177029
5,2672,0.7060385587
5,2507,0.7060385587
5,2466,0.7060385587
5,2403,0.7060385587
5,2245,0.7060385587
5,2217,0.7059352175
5,2692,0.7059225068
5,2495,0.7052080119
5,2283,0.7052080119
5,2242,0.7052080119
5,2205,0.7052080119
5,2729,0.7050550874
5,2389,0.7050550874
5,2258,0.7050550874
5,2313,0.7048912376
5,1312,0.7045168818
5,412,0.7045102874
5,2710,0.7044713115
5,2609,0.7044713115
5,2595,0.7044713115
5,2575,0.7044713115
5,2658,0.7044052291
5,2322,0.7044052291
5,453,0.7044052291
6,679,0.9775765647
6,2289,0.8654938276
6,1759,0.8654938276
6,1943,0.8546119892
6,1262,0.8546119892
6,737,0.8546119892
6,1932,0.8465344486
6,611,0.8455227833
6,2561,0.7070718664
6,2388,0.7070718664
6,2329,0.7070718664
6,2288,0.7070718664
6,2272,0.7070718664
6,2232,0.7070718664
6,2179,0.7070718664
6,1903,0.7070718664
6,1757,0.7070718664
6,1726,0.7070718664
6,1358,0.7070718664
6,1265,0.7070718664
6,1061,0.7070718664
6,991,0.7070718664
6,769,0.7070718664
6,680,0.7070718664
6,472,0.7070718664
6,2336,0.7067705810
6,2124,0.7067705810
6,2062,0.7067705810
6,1999,0.7067705810
6,1852,0.7067705810
6,1761,0.7067705810
6,1349,0.7067705810
6,946,0.7067705810
6,480,0.7067705810
6,196,0.7067705810
6,15,0.7067705810
6,2586,0.7065197428
6,2472,0.7065197428
6,2330,0.7065197428
6,2104,0.7065197428
6,371,0.7065197428
6,278,0.7065197428
6,2163,0.7063762593
6,1799,0.7042266331
6,1570,0.7042266331
6,739,0.7042266331
6,685,0.7042266331
6,372,0.7036854045
6,1691,0.7035709426
6,491,0.7035709426
6,2069,0.7029763529
6,1897,0.7029763529
6,1515,0.7029763529
6,749,0.7029763529
6,743,0.7029763529
6,160,0.7029763529
6,920,0.7019829188
6,818,0.7019829188
6,654,0.7002215702
6,1024,0.6989688262
6,704,0.6981142976
6,2463,0.6970260920
6,2464,0.6943689293
6,2454,0.6943689293
6,1196,0.6943689293
6,2046,0.6937517948
6,1994,0.6937517948
6,1967,0.6937517948
6,1930,0.6937517948
6,1848,0.6937517948
6,1572,0.6937517948
6,1529,0.6937517948
6,1465,0.6937517948
6,1391,0.6937517948
6,1384,0.6937517948
6,1148,0.6937517948
6,766,0.6937517948
6,587,0.6937517948
6,425,0.6937517948
6,341,0.6937517948
6,227,0.6937517948
6,1446,0.6937517948
6,915,0.6881961777
6,405,0.6825043890
6,2737,0.5000000001
6,2723,0.5000000001
6,2695,0.5000000001
6,2666,0.5000000001
6,2665,0.5000000001
6,2651,0.5000000001
6,2545,0.5000000001
6,2484,0.5000000001
6,2390,0.5000000001
6,2303,0.5000000001
6,2228,0.5000000001
6,2177,0.5000000001
6,2152,0.5000000001
6,2132,0.5000000001
6,2122,0.5000000001
6,2120,0.5000000001
6,2109,0.5000000001
6,2108,0.5000000001
6,2073,0.5000000001
6,2067,0.5000000001
6,2050,0.5000000001
6,2036,0.5000000001
6,2025,0.5000000001
6,2002,0.5000000001
6,1988,0.5000000001
6,1986,0.5000000001
6,1973,0.5000000001
6,1969,0.5000000001
6,1968,0.5000000001
6,1965,0.5000000001
6,1952,0.5000000001
6,1923,0.5000000001
6,1922,0.5000000001
6,1921,0.5000000001
6,1908,0.5000000001
6,1880,0.5000000001
6,1859,0.5000000001
6,1857,0.5000000001
6,1832,0.5000000001
6,1793,0.5000000001
6,1785,0.5000000001
6,1774,0.5000000001
6,1731,0.5000000001
6,1729,0.5000000001
6,1696,0.5000000001
6,1650,0.5000000001
6,1636,0.5000000001
6,1566,0.5000000001
6,1483,0.5000000001
6,1477,0.5000000001
6,1473,0.5000000001
6,1451,0.5000000001
6,1448,0.5000000001
6,1428,0.5000000001
6,1421,0.5000000001
6,1394,0.5000000001
6,1390,0.5000000001
6,1374,0.5000000001
6,1359,0.5000000001
6,1342,0.5000000001
6,1330,0.5000000001
6,1309,0.5000000001
6,1285,0.5000000001
6,1275,0.5000000001
6,1182,0.5000000001
6,1164,0.5000000001
7,2338,0.9999899608
7,2573,0.9996160472
7,2366,0.9919267040
7,2313,0.9838862211
7,2319,0.9815751177
7,2476,0.9732506193
7,2196,0.9728203708
7,2477,0.9704003846
7,2468,0.9616976184
7,1688,0.9616976184
7,183,0.9616976184
7,2614,0.9590067003
7,2195,0.9590067003
7,2213,0.9484931789
7,2397,0.9436178696
7,2398,0.9184544084
7,2347,0.9184544084
7,2380,0.9055751589
7,2572,0.8809765993
7,2317,0.8694928378
7,1170,0.8678090109
7,2710,0.8505906499
7,2595,0.8164964839
7,1683,0.8164864360
7,1617,0.8164864360
7,2649,0.8164733622
7,2576,0.8164733622
7,2187,0.8164733622
7,2147,0.8164733622
7,2594,0.8163022660
7,2527,0.8163022660
7,2513,0.8163022660
7,2502,0.8163022660
7,2599,0.8159372879
7,2429,0.8157412439
7,2330,0.8157093606
7,2702,0.8156867860
7,2667,0.8156867860
7,2707,0.8155536017
7,2704,0.8155536017
7,2699,0.8155536017
7,2609,0.8155536017
7,2482,0.8155536017
7,2238,0.8155536017
7,2230,0.8151498251
7,2636,0.8148812690
7,2567,0.8148812690
7,2378,0.8148812690
7,2320,0.8148812690
7,2556,0.8147249476
7,2425,0.8145961393
7,2713,0.8139993174
7,2219,0.8134408645
7,2598,0.8130957116
7,2352,0.8130957116
7,2217,0.8123691188
7,2728,0.8121979905
7,2431,0.8121979905
7,2650,0.8120840510
7,2466,0.8120840510
7,2419,0.8120840510
7,1331,0.8120840510
7,2507,0.8116613655
7,2315,0.8116613655
7,2250,0.8116613655
7,2622,0.8114994127
7,2577,0.8114994127
7,2501,0.8114994127
7,2434,0.8114994127
7,2256,0.8114994127
7,1710,0.8114994127
7,1485,0.8114994127
7,1097,0.8114994127
7,1082,0.8114994127
7,2631,0.8113201340
7,1561,0.8100993204
7,2615,0.8088814379
7,2716,0.8088570295
7,2672,0.8088570295
7,2481,0.8088060785
7,2212,0.8059878303
7,2205,0.8059878303
7,2618,0.8048315356
7,2587,0.8047461061
7,2417,0.8047461061
7,2372,0.8047461061
7,2355,0.8047461061
7,2652,0.8038878267
7,2247,0.8038878267
7,2223,0.8038878267
7,2220,0.8038878267
7,1171,0.8015427136
7,2632,0.8006619318
7,2443,0.7990057866
7,2470,0.7950564310
7,2385,0.7950564310
7,956,0.7950564310
7,2467,0.7949199689
7,2719,0.7942197962
7,2697,0.7942197962
7,2658,0.7942197962
7,2657,0.7942197962
7,2646,0.7942197962
7,2630,0.7942197962
7,2620,0.7942197962
7,2584,0.7942197962
7,2504,0.7942197962
7,2489,0.7942197962
7,2436,0.7942197962
7,2403,0.7942197962
7,2361,0.7942197962
7,2299,0.7942197962
7,2222,0.7942197962
7,2199,0.7942197962
7,2177,0.7942197962
7,1822,0.7942197962
7,1642,0.7942197962
7,1620,0.7942197962
7,1529,0.7942197962
7,1383,0.7942197962
7,1132,0.7942197962
7,1115,0.7942197962
7,872,0.7942197962
7,317,0.7942197962
7,127,0.7942197962
7,2542,0.7942197962
7,2413,0.7942197962
7,2363,0.7942197962
7,2266,0.7942197962
7,2224,0.7942197962
7,2270,0.7942197962
7,2610,0.7942197962
7,2506,0.7942197962
7,2296,0.7942197962
7,2234,0.7942197962
7,2703,0.7942197962
7,1049,0.7916343441
7,2682,0.7882370542
7,2645,0.7869872182
7,1726,0.7826213635
7,1197,0.7796641567
7,1395,0.7779811234
7,2593,0.7744560754
7,1734,0.7713319542
7,1018,0.7713319542
7,2368,0.7697408601
7,2084,0.7697408601
7,1413,0.7697408601
7,959,0.7697408601
7,669,0.7697408601
8,2468,0.9972024882
8,1049,0.9972024882
8,2549,0.9957507788
8,958,0.9834242168
8,2464,0.9830625464
8,2454,0.9830625464
8,670,0.9753838570
8,2496,0.9746913836
8,2099,0.9746913836
8,2675,0.9565792865
8,2389,0.9469737628
8,2331,0.8164939843
8,2209,0.8164939843
8,2565,0.8164825929
8,2559,0.8164825929
8,2083,0.8164825929
8,1712,0.8164825929
8,1182,0.8164108385
8,1032,0.8164108385
8,2458,0.8163292784
8,1776,0.8163292784
8,960,0.8163292784
8,2577,0.8163292784
8,935,0.8162186783
8,2383,0.8162163350
8,427,0.8162163350
8,2332,0.8160389399
8,2726,0.8160046087
8,2672,0.8160046087
8,2564,0.8160046087
8,2502,0.8160046087
8,2309,0.8160046087
8,2277,0.8160046087
8,2169,0.8160046087
8,1378,0.8157133559
8,2253,0.8156834486
8,2388,0.8148283621
8,2311,0.8148283621
8,2259,0.8148283621
8,1102,0.8148283621
8,2701,0.8145479335
8,2676,0.8145479335
8,2477,0.8145479335
8,2387,0.8145479335
8,2372,0.8145479335
8,2275,0.8145479335
8,1605,0.8145479335
8,1524,0.8145479335
8,1301,0.8145479335
8,908,0.8145479335
8,903,0.8145479335
8,250,0.8145479335
8,125,0.8145479335
8,88,0.8145479335
8,38,0.8145479335
8,34,0.8145479335
8,82,0.8134472617
8,2441,0.8132579139
8,2145,0.8132579139
8,1645,0.8132579139
8,1452,0.8132579139
8,1044,0.8132579139
8,1005,0.8132579139
8,977,0.8132579139
8,917,0.8132579139
8,567,0.8132579139
8,55,0.8132579139
8,2691,0.8132500495
8,2687,0.8127186812
8,1003,0.8127186812
8,901,0.8127186812
8,2285,0.8120344770
8,2344,0.8117983766
8,2208,0.8117983766
8,2240,0.8115240425
8,2328,0.8110066907
8,2310,0.8106562090
8,2390,0.8093375102
8,1819,0.8089867505
8,2692,0.8080862259
8,2382,0.8080862259
8,2287,0.8073834185
8,2242,0.8073834185
8,2509,0.8018720607
8,2731,0.8009105069
8,2721,0.8009105069
8,2694,0.8009105069
8,2689,0.8009105069
8,2670,0.8009105069
8,2635,0.8009105069
8,2632,0.8009105069
8,2568,0.8009105069
8,2566,0.8009105069
8,2561,0.8009105069
8,2512,0.8009105069
8,2409,0.8009105069
8,2399,0.8009105069
8,2343,0.8009105069
8,2329,0.8009105069
8,2288,0.8009105069
8,2272,0.8009105069
8,2232,0.8009105069
8,2188,0.8009105069
8,2187,0.8009105069
8,2179,0.8009105069
8,2177,0.8009105069
8,1180,0.8009105069
8,868,0.8009105069
8,832,0.8009105069
8,445,0.8009105069
8,353,0.8009105069
8,343,0.8009105069
8,2563,0.8009105068
8,2470,0.8009105068
8,2422,0.8009105068
8,2258,0.8009105068
8,1821,0.8009105068
8,66,0.8009105068
8,2423,0.8009105068
8,644,0.7987394276
8,2425,0.7978241637
8,2320,0.7978241637
8,2012,0.7978241637
8,1541,0.7978241637
8,1287,0.7978241637
8,1250,0.7978241637
8,1034,0.7978241637
8,1031,0.7978241637
8,973,0.7978241637
8,843,0.7978241637
8,836,0.7978241637
8,741,0.7978241637
8,691,0.7978241637
8,315,0.7978241637
8,85,0.7978241637
8,15,0.7978241636
8,2550,0.7945044630
8,657,0.7925308144
8,2231,0.7905349462
8,2728,0.7893654942
8,2431,0.7893654942
8,2642,0.7774823399
8,2641,0.7774823399
8,2604,0.7774823399
8,2173,0.7774823399
8,2091,0.7774823399
8,1825,0.7774823399
8,1792,0.7774823399
8,866,0.7774823399
8,626,0.7774823399
9,1837,0.8797955297
9,262,0.8734595144
9,724,0.7744420185
9,676,0.7733678710
9,2058,0.7596380070
9,211,0.7568381271
9,2316,0.7543732266
9,946,0.7522482104
9,114,0.7522482104
9,2002,0.7471668040
9,1204,0.7471533756
9,656,0.7417308277
9,2062,0.7367046466
9,891,0.7367046466
9,1349,0.7322582267
9,2046,0.7300620554
9,2563,0.7050930933
9,519,0.6324552504
9,1005,0.6324331812
9,758,0.6324331812
9,489,0.6324331812
9,937,0.6324331812
9,1810,0.6323767512
9,198,0.6323767512
9,2139,0.6322270342
9,157,0.6322270342
9,2241,0.6321672723
9,2182,0.6321672723
9,2737,0.6320112782
9,2589,0.6320112782
9,2575,0.6320112782
9,2549,0.6320112782
9,2547,0.6320112782
9,2546,0.6320112782
9,2492,0.6320112782
9,2385,0.6320112782
9,2341,0.6320112782
9,2311,0.6320112782
9,2111,0.6320112782
9,2096,0.6320112782
9,2028,0.6320112782
9,1783,0.6320112782
9,1711,0.6320112782
9,1538,0.6320112782
9,1456,0.6320112782
9,1376,0.6320112782
9,1049,0.6320112782
9,1037,0.6320112782
9,1030,0.6320112782
9,997,0.6320112782
9,879,0.6320112782
9,753,0.6320112782
9,533,0.6320112782
9,378,0.6320112782
9,343,0.6320112782
9,220,0.6320112782
9,218,0.6320112782
9,89,0.6320112782
9,87,0.6320112782
9,12,0.6320112782
9,2101,0.6319848942
9,2729,0.6311511494
9,2711,0.6311511494
9,2687,0.6310637944
9,1689,0.6308336757
9,1292,0.6308336757
9,892,0.6308336757
9,492,0.6308336757
9,322,0.6308336757
9,2090,0.6305632042
9,2644,0.6298149910
9,2113,0.6297559350
9,2724,0.6296924440
9,2501,0.6296924440
9,2450,0.6296924440
9,2325,0.6296924440
9,150,0.6296924440
9,141,0.6296924440
9,1678,0.6280035627
9,136,0.6280035627
9,1857,0.6277589877
9,1835,0.6277589877
9,272,0.6277589877
9,2018,0.6276195591
9,2269,0.6275434162
9,1287,0.6275434162
9,1384,0.6273717834
9,652,0.6273717834
9,2587,0.6248747659
9,523,0.6248747659
9,518,0.6248747659
9,2151,0.6247867855
9,2134,0.6247867855
9,2017,0.6247867855
9,1896,0.6247867855
9,1886,0.6247867855
9,1824,0.6247867855
9,1814,0.6247867855
9,886,0.6247867855
9,2451,0.6240903850
9,473,0.6237654522
9,1775,0.6211866174
9,2565,0.6209354064
9,2538,0.6209354064
9,2518,0.6209354064
9,2496,0.6209354064
9,2495,0.6209354064
9,2263,0.6209354064
9,2261,0.6209354064
9,2242,0.6209354064
9,2231,0.6209354064
9,1904,0.6209354064
9,1855,0.6209354064
9,1842,0.6209354064
9,1823,0.6209354064
9,1778,0.6209354064
9,1746,0.6209354064
9,1150,0.6209354064
9,115,0.6209354064
9,2392,0.6209354064
9,2353,0.6209354064
9,2270,0.6209354064
9,2265,0.6209354064
9,2180,0.6209354064
9,1736,0.6209354064
9,2717,0.6209354064
9,2264,0.6209354064
9,270,0.6200908322
9,110,0.6165692930
9,2103,0.6141080287
9,1300,0.6141080287
9,1279,0.6141080287
9,773,0.6141080287
9,412,0.6141080287
9,138,0.6141080287
9,107,0.6141080287
9,1926,0.6141080287
9,1898,0.6129694830
9,1286,0.6129694830
9,888,0.6129694830
9,413,0.6129694830
9,194,0.6117367388
9,56,0.6088468435
9,2271,0.6086859045
9,1048,0.6086859045
9,1113,0.6076083436
9,2566,0.6030040671
9,2292,0.6030040671
9,2291,0.6030040671
9,2240,0.6030040671
10,2481,0.9740426232
10,2512,0.9734513233
10,402,0.9402297250
10,246,0.9402297250
10,2502,0.8164890321
10,2278,0.8162275763
10,2507,0.8160463049
10,2460,0.8157942736
10,2667,0.8149883825
10,2367,0.8149883825
10,2732,0.8143658383
10,2330,0.8143658383
10,2285,0.8143658383
10,2607,0.8136422888
10,2508,0.8135239584
10,2501,0.8135239584
10,2462,0.8135239584
10,2452,0.8135239584
10,2441,0.8135239584
10,2439,0.8135239584
10,2640,0.8133459686
10,457,0.8133459686
10,2730,0.8123714760
10,2205,0.8107609978
10,2536,0.8105867603
10,2311,0.8084380805
10,2286,0.8084380805
10,2187,0.8084380805
10,2632,0.8049217809
10,2420,0.8049217809
10,2723,0.8047614834
10,2695,0.8047614834
10,2665,0.8047614834
10,2335,0.8046307911
10,2242,0.8025347668
10,2453,0.7999450840
10,2550,0.7991753656
10,2437,0.7991753656
10,2386,0.7991753656
10,1049,0.7991753656
10,458,0.7991753656
10,516,0.7980195298
10,2692,0.7966843475
10,2458,0.7960375160
10,2284,0.7937857356
10,2693,0.7928319259
10,2412,0.7910570979
10,2685,0.7887797286
10,2545,0.7887797286
10,2733,0.7884400010
10,2645,0.7884400010
10,2488,0.7884400010
10,2382,0.7884400010
10,2260,0.7884400010
10,2725,0.7882128091
10,2417,0.7882128091
10,2258,0.7846224733
10,2731,0.7845669337
10,2694,0.7832451679
10,2438,0.7832451679
10,2366,0.7828103971
10,2726,0.7808432978
10,2259,0.7764500930
10,2173,0.7760231787
10,2599,0.7737244230
10,2503,0.7727698830
10,2671,0.7712949841
10,2276,0.7712949841
10,2378,0.7709046966
10,2056,0.7709046966
10,27,0.7709046966
10,10,0.7709046966
10,2669,0.7703463434
10,2464,0.7645044766
10,2454,0.7645044766
10,2600,0.7616274324
10,2580,0.7616274324
10,797,0.7616274324
10,563,0.7616274324
10,467,0.7616274324
10,2487,0.7616274324
10,2210,0.7616274324
10,2567,0.7616274324
10,2670,0.7561843868
10,2509,0.7512364969
10,2537,0.7486286825
10,2422,0.7421044803
10,723,0.7421044803
10,570,0.7421044803
10,2613,0.7325388612
10,2554,0.7325388612
10,407,0.7325388612
10,2664,0.7321310662
10,1012,0.7281081596
10,1670,0.7187790775
10,460,0.7187790775
10,1922,0.7135278713
10,128,0.7135278713
10,142,0.6927058867
10,2713,0.5773502694
10,2707,0.5773502694
10,2705,0.5773502694
10,2702,0.5773502694
10,2698,0.5773502694
10,2676,0.5773502694
10,2646,0.5773502694
10,2630,0.5773502694
10,2629,0.5773502694
10,2624,0.5773502694
10,2620,0.5773502694
10,2606,0.5773502694
10,2598,0.5773502694
10,2584,0.5773502694
10,2583,0.5773502694
10,2577,0.5773502694
10,2574,0.5773502694
10,2560,0.5773502694
10,2557,0.5773502694
10,2547,0.5773502694
10,2543,0.5773502694
10,2527,0.5773502694
10,2513,0.5773502694
10,2499,0.5773502694
10,2474,0.5773502694
10,2469,0.5773502694
10,2465,0.5773502694
10,2450,0.5773502694
10,2449,0.5773502694
10,2447,0.5773502694
10,2425,0.5773502694
10,2418,0.5773502694
10,2413,0.5773502694
10,2401,0.5773502694
10,2395,0.5773502694
10,2384,0.5773502694
10,2376,0.5773502694
10,2375,0.5773502694
10,2370,0.5773502694
10,2363,0.5773502694
10,2358,0.5773502694
10,2356,0.5773502694
10,2352,0.5773502694
10,2350,0.5773502694
10,2349,0.5773502694
10,2337,0.5773502694
10,2332,0.5773502694
10,2325,0.5773502694
10,2323,0.5773502694
10,2307,0.5773502694
10,2294,0.5773502694
11,2330,0.8443576110
11,2390,0.7070996868
11,1986,0.7070996868
11,1952,0.7070996868
11,1729,0.7070996868
11,1374,0.7070996868
11,680,0.7070996868
11,525,0.7070996868
11,407,0.7070996868
11,241,0.7070996868
11,696,0.7067155396
11,2433,0.7066033950
11,1673,0.7066033950
11,1382,0.7066033950
11,2728,0.7040339165
11,2431,0.7040339165
11,2056,0.7040339165
11,1896,0.7040339165
11,1752,0.7040339165
11,1355,0.7040339165
11,362,0.7040339165
11,1339,0.7038398960
11,2036,0.7037374870
11,1903,0.7037374870
11,1342,0.7037374870
11,1182,0.7037374870
11,947,0.7037374870
11,679,0.7037374870
11,611,0.7037374870
11,559,0.7037374870
11,343,0.7037374870
11,320,0.7037374870
11,36,0.7037374870
11,1262,0.7037374870
11,818,0.7037374870
11,2423,0.7026704991
11,2705,0.7015232524
11,1378,0.7015232524
11,737,0.7015232524
11,1473,0.7007291697
11,1652,0.6960407806
11,1024,0.6948954345
11,887,0.6948954345
11,332,0.6948954345
11,1774,0.6937830238
11,1965,0.6897271051
11,2509,0.6775305212
11,2461,0.6775305212
11,2015,0.6775305212
11,1118,0.6775305212
11,2002,0.6767696349
11,1755,0.6759640719
11,2737,0.5000000001
11,2723,0.5000000001
11,2695,0.5000000001
11,2666,0.5000000001
11,2665,0.5000000001
11,2651,0.5000000001
11,2586,0.5000000001
11,2561,0.5000000001
11,2545,0.5000000001
11,2484,0.5000000001
11,2472,0.5000000001
11,2463,0.5000000001
11,2388,0.5000000001
11,2329,0.5000000001
11,2303,0.5000000001
11,2289,0.5000000001
11,2288,0.5000000001
11,2272,0.5000000001
11,2232,0.5000000001
11,2228,0.5000000001
11,2179,0.5000000001
11,2177,0.5000000001
11,2152,0.5000000001
11,2132,0.5000000001
11,2122,0.5000000001
11,2120,0.5000000001
11,2109,0.5000000001
11,2108,0.5000000001
11,2104,0.5000000001
11,2073,0.5000000001
11,2067,0.5000000001
11,2050,0.5000000001
11,2025,0.5000000001
11,1988,0.5000000001
11,1973,0.5000000001
11,1969,0.5000000001
11,1968,0.5000000001
11,1923,0.5000000001
11,1922,0.5000000001
11,1921,0.5000000001
11,1908,0.5000000001
11,1880,0.5000000001
11,1859,0.5000000001
11,1857,0.5000000001
11,1832,0.5000000001
11,1793,0.5000000001
11,1785,0.5000000001
11,1759,0.5000000001
11,1757,0.5000000001
11,1731,0.5000000001
11,1726,0.5000000001
11,1696,0.5000000001
11,1650,0.5000000001
11,1636,0.5000000001
11,1566,0.5000000001
11,1483,0.5000000001
11,1477,0.5000000001
11,1451,0.5000000001
11,1448,0.5000000001
11,1428,0.5000000001
11,1421,0.5000000001
11,1394,0.5000000001
11,1390,0.5000000001
11,1359,0.5000000001
11,1358,0.5000000001
11,1330,0.5000000001
11,1309,0.5000000001
11,1285,0.5000000001
11,1275,0.5000000001
11,1265,0.5000000001
11,1164,0.5000000001
11,1162,0.5000000001
11,1149,0.5000000001
11,1146,0.5000000001
11,1138,0.5000000001
11,1097,0.5000000001
11,1080,0.5000000001
11,1063,0.5000000001
11,1061,0.5000000001
11,1055,0.5000000001
11,1044,0.5000000001
11,1040,0.5000000001
11,1017,0.5000000001
11,1007,0.5000000001
11,1006,0.5000000001
11,991,0.5000000001
11,949,0.5000000001
11,939,0.5000000001
11,919,0.5000000001
11,915,0.5000000001
11,883,0.5000000001
11,850,0.5000000001
11,804,0.5000000001
11,783,0.5000000001
11,773,0.5000000001
11,769,0.5000000001
11,767,0.5000000001
11,724,0.5000000001
12,2036,0.9966906481
12,362,0.9947505381
12,221,0.9947505381
12,2728,0.8159237823
12,2658,0.8159237823
12,2610,0.8159237823
12,2606,0.8159237823
12,2589,0.8159237823
12,2554,0.8159237823
12,2506,0.8159237823
12,2431,0.8159237823
12,2296,0.8159237823
12,2234,0.8159237823
12,691,0.8159237823
12,127,0.8159237823
12,399,0.8155467118
12,984,0.8136938604
12,559,0.8136938604
12,2275,0.8129276547
12,975,0.8106638628
12,1743,0.8079670601
12,251,0.7988100079
12,2708,0.7959914586
12,2731,0.5773502693
12,2725,0.5773502693
12,2672,0.5773502693
12,2669,0.5773502693
12,2664,0.5773502693
12,2662,0.5773502693
12,2652,0.5773502693
12,2648,0.5773502693
12,2634,0.5773502693
12,2621,0.5773502693
12,2611,0.5773502693
12,2608,0.5773502693
12,2600,0.5773502693
12,2599,0.5773502693
12,2591,0.5773502693
12,2572,0.5773502693
12,2561,0.5773502693
12,2559,0.5773502693
12,2548,0.5773502693
12,2546,0.5773502693
12,2542,0.5773502693
12,2539,0.5773502693
12,2529,0.5773502693
12,2518,0.5773502693
12,2515,0.5773502693
12,2507,0.5773502693
12,2486,0.5773502693
12,2480,0.5773502693
12,2467,0.5773502693
12,2452,0.5773502693
12,2439,0.5773502693
12,2421,0.5773502693
12,2405,0.5773502693
12,2402,0.5773502693
12,2397,0.5773502693
12,2388,0.5773502693
12,2383,0.5773502693
12,2366,0.5773502693
12,2365,0.5773502693
12,2359,0.5773502693
12,2358,0.5773502693
12,2349,0.5773502693
12,2340,0.5773502693
12,2329,0.5773502693
12,2328,0.5773502693
12,2320,0.5773502693
12,2310,0.5773502693
12,2288,0.5773502693
12,2273,0.5773502693
12,2272,0.5773502693
12,2268,0.5773502693
12,2264,0.5773502693
12,2261,0.5773502693
12,2251,0.5773502693
12,2232,0.5773502693
12,2211,0.5773502693
12,2209,0.5773502693
12,2207,0.5773502693
12,2200,0.5773502693
12,2193,0.5773502693
12,2180,0.5773502693
12,2179,0.5773502693
12,2178,0.5773502693
12,2170,0.5773502693
12,2121,0.5773502693
12,2034,0.5773502693
12,2028,0.5773502693
12,2024,0.5773502693
12,2022,0.5773502693
12,1961,0.5773502693
12,1960,0.5773502693
12,1929,0.5773502693
12,1928,0.5773502693
12,1861,0.5773502693
12,1843,0.5773502693
12,1840,0.5773502693
12,1830,0.5773502693
12,1823,0.5773502693
12,1822,0.5773502693
12,1762,0.5773502693
12,1595,0.5773502693
12,1573,0.5773502693
12,1542,0.5773502693
12,1432,0.5773502693
12,1427,0.5773502693
12,1359,0.5773502693
12,1358,0.5773502693
12,1296,0.5773502693
12,1252,0.5773502693
12,1217,0.5773502693
12,1214,0.5773502693
12,1142,0.5773502693
12,1069,0.5773502693
12,1060,0.5773502693
12,1004,0.5773502693
12,983,0.5773502693
12,976,0.5773502693
12,954,0.5773502693
12,952,0.5773502693
12,927,0.5773502693
12,833,0.5773502693
12,732,0.5773502693
12,728,0.5773502693
12,690,0.5773502693
12,651,0.5773502693
12,641,0.5773502693
12,635,0.5773502693
12,631,0.5773502693
12,622,0.5773502693
12,618,0.5773502693
12,588,0.5773502693
12,579,0.5773502693
12,443,0.5773502693
12,439,0.5773502693
12,421,0.5773502693
12,398,0.5773502693
12,386,0.5773502693
12,325,0.5773502693
12,292,0.5773502693
12,260,0.5773502693
12,220,0.5773502693
12,202,0.5773502693
12,189,0.5773502693
12,130,0.5773502693
12,122,0.5773502693
12,79,0.5773502693
12,73,0.5773502693
13,488,0.6237546438
13,2737,0.5773502695
13,2732,0.5773502695
13,2726,0.5773502695
13,2720,0.5773502695
13,2718,0.5773502695
13,2716,0.5773502695
13,2715,0.5773502695
13,2713,0.5773502695
13,2709,0.5773502695
13,2697,0.5773502695
13,2693,0.5773502695
13,2691,0.5773502695
13,2690,0.5773502695
13,2689,0.5773502695
13,2683,0.5773502695
13,2682,0.5773502695
13,2681,0.5773502695
13,2679,0.5773502695
13,2664,0.5773502695
13,2663,0.5773502695
13,2654,0.5773502695
13,2640,0.5773502695
13,2637,0.5773502695
13,2635,0.5773502695
13,2631,0.5773502695
13,2630,0.5773502695
13,2620,0.5773502695
13,2619,0.5773502695
13,2613,0.5773502695
13,2611,0.5773502695
13,2606,0.5773502695
13,2602,0.5773502695
13,2601,0.5773502695
13,2600,0.5773502695
13,2598,0.5773502695
13,2594,0.5773502695
13,2587,0.5773502695
13,2586,0.5773502695
13,2583,0.5773502695
13,2579,0.5773502695
13,2576,0.5773502695
13,2567,0.5773502695
13,2566,0.5773502695
13,2565,0.5773502695
13,2557,0.5773502695
13,2555,0.5773502695
13,2552,0.5773502695
13,2550,0.5773502695
13,2548,0.5773502695
13,2537,0.5773502695
13,2536,0.5773502695
13,2509,0.5773502695
13,2503,0.5773502695
13,2502,0.5773502695
13,2498,0.5773502695
13,2496,0.5773502695
13,2487,0.5773502695
13,2485,0.5773502695
13,2484,0.5773502695
13,2480,0.5773502695
13,2472,0.5773502695
13,2466,0.5773502695
13,2462,0.5773502695
13,2456,0.5773502695
13,2455,0.5773502695
13,2453,0.5773502695
13,2452,0.5773502695
13,2451,0.5773502695
13,2449,0.5773502695
13,2445,0.5773502695
13,2444,0.5773502695
13,2442,0.5773502695
13,2441,0.5773502695
13,2435,0.5773502695
13,2434,0.5773502695
13,2420,0.5773502695
13,2419,0.5773502695
13,2414,0.5773502695
13,2409,0.5773502695
13,2401,0.5773502695
13,2400,0.5773502695
13,2395,0.5773502695
13,2379,0.5773502695
13,2375,0.5773502695
13,2371,0.5773502695
13,2362,0.5773502695
13,2357,0.5773502695
13,2355,0.5773502695
13,2354,0.5773502695
13,2352,0.5773502695
13,2345,0.5773502695
13,2340,0.5773502695
13,2339,0.5773502695
13,2336,0.5773502695
13,2320,0.5773502695
13,2318,0.5773502695
13,2317,0.5773502695
13,2316,0.5773502695
13,2314,0.5773502695
13,2303,0.5773502695
13,2294,0.5773502695
13,2293,0.5773502695
13,2292,0.5773502695
13,2286,0.5773502695
13,2282,0.5773502695
13,2268,0.5773502695
13,2265,0.5773502695
13,2264,0.5773502695
13,2263,0.5773502695
13,2261,0.5773502695
13,2256,0.5773502695
13,2255,0.5773502695
13,2253,0.5773502695
13,2250,0.5773502695
13,2247,0.5773502695
13,2240,0.5773502695
13,2237,0.5773502695
13,2236,0.5773502695
13,2235,0.5773502695
13,2227,0.5773502695
13,2222,0.5773502695
13,2221,0.5773502695
13,2216,0.5773502695
13,2210,0.5773502695
13,2201,0.5773502695
13,2194,0.5773502695
13,2186,0.5773502695
13,2184,0.5773502695
13,2178,0.5773502695
13,2177,0.5773502695
13,2175,0.5773502695
13,2173,0.5773502695
13,2164,0.5773502695
13,2163,0.5773502695
13,2158,0.5773502695
13,2156,0.5773502695
13,2145,0.5773502695
13,2128,0.5773502695
13,2124,0.5773502695
13,2114,0.5773502695
13,2104,0.5773502695
13,2102,0.5773502695
13,2096,0.5773502695
13,2095,0.5773502695
13,2093,0.5773502695
13,2089,0.5773502695
13,2083,0.5773502695
13,2075,0.5773502695
13,2073,0.5773502695
